0 0.3046875 0.528125 0.0109375 0.0234375
0 0.3046875 0.528125 0.0109375 0.0234375
0 0.4921875 0.615625 0.0078125 0.028125
0 0.4921875 0.615625 0.0078125 0.028125
0 0.484375 0.61484375 0.0078125 0.03125
0 0.484375 0.61484375 0.0078125 0.03125
0 0.51875 0.61015625 0.0046875 0.0234375
0 0.51875 0.61015625 0.0046875 0.0234375
0 0.69140625 0.63046875 0.009375 0.0125
0 0.69140625 0.63046875 0.009375 0.0125
0 0.65859375 0.653125 0.0046875 0.015625
0 0.65859375 0.653125 0.0046875 0.015625
0 0.65390625 0.65234375 0.0046875 0.0125
0 0.65390625 0.65234375 0.0046875 0.0125
0 0.6421875 0.65390625 0.009375 0.0140625
0 0.6421875 0.65390625 0.009375 0.0140625
0 0.371875 0.67109375 0.009375 0.0234375