0 0.29921875 0.48203125 0.03125 0.0640625
0 0.29921875 0.48203125 0.03125 0.0640625
0 0.31875 0.49375 0.0171875 0.0421875
0 0.31875 0.49375 0.0171875 0.0421875
0 0.52421875 0.5203125 0.0078125 0.0234375
0 0.52421875 0.5203125 0.0078125 0.0234375
0 0.68828125 0.4625 0.00625 0.021875
0 0.68828125 0.4625 0.00625 0.021875
0 0.69375 0.46484375 0.0046875 0.0171875
0 0.69375 0.46484375 0.0046875 0.0171875
0 0.64921875 0.45 0.009375 0.021875
0 0.64921875 0.45 0.009375 0.021875
0 0.76328125 0.4171875 0.0125 0.0234375
0 0.76328125 0.4171875 0.0125 0.0234375
0 0.765625 0.5125 0.028125 0.0421875
0 0.765625 0.5125 0.028125 0.0421875
0 0.740625 0.53359375 0.0078125 0.0140625
0 0.740625 0.53359375 0.0078125 0.0140625
0 0.4046875 0.64453125 0.0109375 0.0375
0 0.4046875 0.64453125 0.0109375 0.0375
0 0.278125 0.625 0.0109375 0.028125
0 0.278125 0.625 0.0109375 0.028125