0 0.27734375 0.54609375 0.03125 0.065625
0 0.27734375 0.54609375 0.03125 0.065625
0 0.60390625 0.54765625 0.00625 0.0453125
0 0.60390625 0.54765625 0.00625 0.0453125
0 0.61171875 0.5578125 0.0109375 0.034375
0 0.61171875 0.5578125 0.0109375 0.034375
0 0.64765625 0.64375 0.009375 0.053125
0 0.64765625 0.64375 0.009375 0.053125
0 0.6171875 0.65078125 0.0078125 0.0421875
0 0.6171875 0.65078125 0.0078125 0.0421875
0 0.62421875 0.64140625 0.00625 0.034375
0 0.62421875 0.64140625 0.00625 0.034375
0 0.39375 0.64375 0.009375 0.0328125
0 0.39375 0.64375 0.009375 0.0328125
0 0.384375 0.6359375 0.00625 0.0296875
0 0.384375 0.6359375 0.00625 0.0296875