0 0.271875 0.49609375 0.04375 0.078125
0 0.271875 0.49609375 0.04375 0.078125
0 0.3515625 0.5578125 0.0375 0.0765625
0 0.3515625 0.5578125 0.0375 0.0765625
0 0.39453125 0.5703125 0.0109375 0.028125
0 0.39453125 0.5703125 0.0109375 0.028125
0 0.41796875 0.5796875 0.0078125 0.0265625
0 0.41796875 0.5796875 0.0078125 0.0265625
0 0.440625 0.534375 0.021875 0.03125
0 0.440625 0.534375 0.021875 0.03125
0 0.5125 0.6078125 0.00625 0.034375
0 0.5125 0.6078125 0.00625 0.034375
0 0.5203125 0.60625 0.0109375 0.0453125
0 0.5203125 0.60625 0.0109375 0.0453125
0 0.55 0.609375 0.00625 0.0359375
0 0.55 0.609375 0.00625 0.0359375
0 0.5609375 0.60859375 0.0078125 0.0359375
0 0.5609375 0.60859375 0.0078125 0.0359375
0 0.590625 0.59453125 0.0078125 0.0265625
0 0.590625 0.59453125 0.0078125 0.0265625
0 0.5984375 0.6015625 0.009375 0.0390625
0 0.5984375 0.6015625 0.009375 0.0390625
0 0.6203125 0.59453125 0.00625 0.0328125
0 0.6203125 0.59453125 0.00625 0.0328125
0 0.7140625 0.59140625 0.015625 0.0609375
0 0.7140625 0.59140625 0.015625 0.0609375
0 0.771875 0.55234375 0.00625 0.0265625
0 0.771875 0.55234375 0.00625 0.0265625
0 0.765625 0.5515625 0.00625 0.0171875
0 0.765625 0.5515625 0.00625 0.0171875
0 0.803125 0.64375 0.0234375 0.0359375
0 0.803125 0.64375 0.0234375 0.0359375
0 0.75546875 0.6953125 0.009375 0.034375
0 0.75546875 0.6953125 0.009375 0.034375
0 0.71640625 0.690625 0.025 0.0484375
0 0.71640625 0.690625 0.025 0.0484375
0 0.7015625 0.7015625 0.0078125 0.0296875
0 0.7015625 0.7015625 0.0078125 0.0296875
0 0.67421875 0.7078125 0.0078125 0.0265625
0 0.67421875 0.7078125 0.0078125 0.0265625
0 0.40625 0.68203125 0.0109375 0.0265625
0 0.40625 0.68203125 0.0109375 0.0265625
0 0.39453125 0.68359375 0.015625 0.028125
0 0.39453125 0.68359375 0.015625 0.028125
0 0.31640625 0.62734375 0.053125 0.071875
0 0.31640625 0.62734375 0.053125 0.071875
0 0.2640625 0.571875 0.053125 0.075