0 0.27578125 0.459375 0.0125 0.0453125
0 0.27578125 0.459375 0.0125 0.0453125
0 0.390625 0.5609375 0.0171875 0.046875
0 0.390625 0.5609375 0.0171875 0.046875
0 0.55703125 0.58671875 0.0078125 0.0375
0 0.55703125 0.58671875 0.0078125 0.0375
0 0.603125 0.55546875 0.021875 0.05625
0 0.603125 0.55546875 0.021875 0.05625
0 0.62265625 0.53828125 0.0203125 0.0609375
0 0.62265625 0.53828125 0.0203125 0.0609375
0 0.74140625 0.57734375 0.01875 0.040625
0 0.74140625 0.57734375 0.01875 0.040625
0 0.7015625 0.60234375 0.0109375 0.03125
0 0.7015625 0.60234375 0.0109375 0.03125
0 0.69453125 0.60703125 0.0078125 0.03125
0 0.69453125 0.60703125 0.0078125 0.03125
0 0.65078125 0.63125 0.0171875 0.0328125
0 0.65078125 0.63125 0.0171875 0.0328125
0 0.63984375 0.640625 0.0125 0.028125
0 0.63984375 0.640625 0.0125 0.028125
0 0.2765625 0.60234375 0.025 0.0421875