0 0.25 0.56875 0.009375 0.0171875
0 0.25 0.56875 0.009375 0.0171875
0 0.303125 0.56875 0.009375 0.040625
0 0.303125 0.56875 0.009375 0.040625
0 0.33203125 0.55703125 0.0125 0.03125
0 0.33203125 0.55703125 0.0125 0.03125
0 0.40078125 0.59921875 0.0234375 0.0546875
0 0.40078125 0.59921875 0.0234375 0.0546875
0 0.71953125 0.57890625 0.015625 0.028125
0 0.71953125 0.57890625 0.015625 0.028125
0 0.709375 0.6203125 0.0171875 0.0375
0 0.709375 0.6203125 0.0171875 0.0375
0 0.61796875 0.66015625 0.0125 0.034375
0 0.61796875 0.66015625 0.0125 0.034375