0 0.27265625 0.5140625 0.0109375 0.028125
0 0.27265625 0.5140625 0.0109375 0.028125
0 0.284375 0.51953125 0.0109375 0.021875
0 0.284375 0.51953125 0.0109375 0.021875
0 0.32421875 0.55234375 0.0078125 0.021875
0 0.32421875 0.55234375 0.0078125 0.021875
0 0.64921875 0.546875 0.0078125 0.028125
0 0.64921875 0.546875 0.0078125 0.028125
0 0.6421875 0.54609375 0.0078125 0.021875
0 0.6421875 0.54609375 0.0078125 0.021875
0 0.6390625 0.63828125 0.00625 0.021875
0 0.6390625 0.63828125 0.00625 0.021875
0 0.346875 0.64609375 0.0140625 0.0328125
0 0.346875 0.64609375 0.0140625 0.0328125
0 0.3015625 0.63125 0.009375 0.021875
0 0.3015625 0.63125 0.009375 0.021875