0 0.37890625 0.49453125 0.0109375 0.0265625
0 0.37890625 0.49453125 0.0109375 0.0265625
0 0.496875 0.5328125 0.0125 0.05625
0 0.496875 0.5328125 0.0125 0.05625
0 0.6890625 0.46484375 0.01875 0.0609375
0 0.6890625 0.46484375 0.01875 0.0609375
0 0.68984375 0.553125 0.0234375 0.059375
0 0.68984375 0.553125 0.0234375 0.059375
0 0.578125 0.60703125 0.0140625 0.0484375
0 0.578125 0.60703125 0.0140625 0.0484375
0 0.42265625 0.603125 0.01875 0.0609375
0 0.42265625 0.603125 0.01875 0.0609375
0 0.37421875 0.57421875 0.028125 0.0609375
0 0.37421875 0.57421875 0.028125 0.0609375
0 0.315625 0.5203125 0.028125 0.05
0 0.315625 0.5203125 0.028125 0.05
0 0.346875 0.55546875 0.00625 0.0203125
0 0.346875 0.55546875 0.00625 0.0203125
0 0.34140625 0.54375 0.009375 0.025