0 0.24296875 0.51953125 0.021875 0.06875
0 0.24296875 0.51953125 0.021875 0.06875
0 0.25703125 0.515625 0.009375 0.0265625
0 0.25703125 0.515625 0.009375 0.0265625
0 0.4234375 0.58515625 0.0046875 0.0359375
0 0.4234375 0.58515625 0.0046875 0.0359375
0 0.6359375 0.5359375 0.0078125 0.0296875
0 0.6359375 0.5359375 0.0078125 0.0296875
0 0.68203125 0.48984375 0.01875 0.0421875
0 0.68203125 0.48984375 0.01875 0.0421875
0 0.64296875 0.5078125 0.0046875 0.040625
0 0.64296875 0.5078125 0.0046875 0.040625
0 0.54765625 0.70703125 0.00625 0.05625
0 0.54765625 0.70703125 0.00625 0.05625
0 0.334375 0.665625 0.028125 0.0671875
0 0.334375 0.665625 0.028125 0.0671875
0 0.303125 0.6609375 0.0140625 0.0359375
0 0.303125 0.6609375 0.0140625 0.0359375
0 0.37265625 0.56015625 0.0125 0.0375