0 0.27421875 0.51328125 0.015625 0.071875
0 0.27421875 0.51328125 0.015625 0.071875
0 0.28828125 0.5 0.0125 0.05
0 0.28828125 0.5 0.0125 0.05
0 0.31640625 0.51640625 0.0125 0.0375
0 0.31640625 0.51640625 0.0125 0.0375
0 0.615625 0.64375 0.0109375 0.0296875
0 0.615625 0.64375 0.0109375 0.0296875
0 0.628125 0.60625 0.015625 0.01875
0 0.628125 0.60625 0.015625 0.01875
0 0.71484375 0.59375 0.00625 0.01875
0 0.71484375 0.59375 0.00625 0.01875
0 0.72109375 0.5875 0.009375 0.0140625
0 0.72109375 0.5875 0.009375 0.0140625
0 0.60234375 0.528125 0.0046875 0.0171875