0 0.27109375 0.51015625 0.0390625 0.053125
0 0.27109375 0.51015625 0.0390625 0.053125
0 0.32734375 0.51640625 0.0453125 0.0671875
0 0.32734375 0.51640625 0.0453125 0.0671875
0 0.3640625 0.503125 0.028125 0.0671875
0 0.3640625 0.503125 0.028125 0.0671875
0 0.62734375 0.484375 0.0125 0.0265625
0 0.62734375 0.484375 0.0125 0.0265625
0 0.7046875 0.48046875 0.025 0.059375
0 0.7046875 0.48046875 0.025 0.059375
0 0.6921875 0.61640625 0.05 0.0484375
0 0.6921875 0.61640625 0.05 0.0484375
0 0.62890625 0.640625 0.040625 0.0453125
0 0.62890625 0.640625 0.040625 0.0453125
0 0.60703125 0.640625 0.0109375 0.0359375
0 0.60703125 0.640625 0.0109375 0.0359375
0 0.346875 0.6640625 0.03125 0.0734375
0 0.346875 0.6640625 0.03125 0.0734375
0 0.38359375 0.67265625 0.0109375 0.028125
0 0.38359375 0.67265625 0.0109375 0.028125
0 0.41640625 0.6828125 0.0078125 0.0359375
0 0.41640625 0.6828125 0.0078125 0.0359375
0 0.57734375 0.50390625 0.003125 0.034375