0 0.27578125 0.55078125 0.0125 0.0375
0 0.27578125 0.55078125 0.0125 0.0375
0 0.4078125 0.5765625 0.0046875 0.0296875
0 0.4078125 0.5765625 0.0046875 0.0296875
0 0.453125 0.58984375 0.009375 0.0328125
0 0.453125 0.58984375 0.009375 0.0328125
0 0.4734375 0.5859375 0.0046875 0.0265625
0 0.4734375 0.5859375 0.0046875 0.0265625
0 0.48125 0.58671875 0.00625 0.025
0 0.48125 0.58671875 0.00625 0.025
0 0.503125 0.59453125 0.00625 0.025
0 0.503125 0.59453125 0.00625 0.025
0 0.5625 0.57421875 0.0328125 0.0578125
0 0.5625 0.57421875 0.0328125 0.0578125
0 0.64609375 0.5875 0.0109375 0.03125
0 0.64609375 0.5875 0.0109375 0.03125
0 0.6703125 0.58515625 0.015625 0.0703125
0 0.6703125 0.58515625 0.015625 0.0703125
0 0.7078125 0.5734375 0.0140625 0.0390625
0 0.7078125 0.5734375 0.0140625 0.0390625
0 0.615625 0.69609375 0.0125 0.0328125
0 0.615625 0.69609375 0.0125 0.0328125
0 0.39296875 0.690625 0.0078125 0.0375
0 0.39296875 0.690625 0.0078125 0.0375
0 0.35078125 0.6890625 0.0171875 0.040625
0 0.35078125 0.6890625 0.0171875 0.040625
0 0.303125 0.6921875 0.0171875 0.0515625