0 0.784375 0.41875 0.034375 0.078125
0 0.784375 0.41875 0.034375 0.078125
0 0.75390625 0.4375 0.0203125 0.06875
0 0.75390625 0.4375 0.0203125 0.06875
0 0.46484375 0.43046875 0.0140625 0.075
0 0.46484375 0.43046875 0.0140625 0.075
0 0.29140625 0.47890625 0.0125 0.021875
0 0.29140625 0.47890625 0.0125 0.021875
0 0.24140625 0.4359375 0.0140625 0.01875
0 0.24140625 0.4359375 0.0140625 0.01875
0 0.22890625 0.43125 0.0046875 0.025
0 0.22890625 0.43125 0.0046875 0.025
0 0.21953125 0.42578125 0.015625 0.0390625
0 0.21953125 0.42578125 0.015625 0.0390625
0 0.20390625 0.54921875 0.015625 0.021875
0 0.20390625 0.54921875 0.015625 0.021875
0 0.653125 0.6046875 0.009375 0.028125
0 0.653125 0.6046875 0.009375 0.028125
0 0.6609375 0.60703125 0.00625 0.0265625
0 0.6609375 0.60703125 0.00625 0.0265625
0 0.70546875 0.58671875 0.009375 0.040625
0 0.70546875 0.58671875 0.009375 0.040625
0 0.71484375 0.59140625 0.0078125 0.0375
0 0.71484375 0.59140625 0.0078125 0.0375
0 0.77421875 0.5515625 0.0265625 0.046875
0 0.77421875 0.5515625 0.0265625 0.046875
0 0.759375 0.5578125 0.00625 0.0234375