0 0.4578125 0.66640625 0.00625 0.015625
0 0.4578125 0.66640625 0.00625 0.015625
0 0.471875 0.66875 0.009375 0.021875
0 0.471875 0.66875 0.009375 0.021875
0 0.48125 0.6703125 0.00625 0.01875
0 0.48125 0.6703125 0.00625 0.01875
0 0.53203125 0.67109375 0.009375 0.01875
0 0.53203125 0.67109375 0.009375 0.01875
0 0.53984375 0.66953125 0.00625 0.015625
0 0.53984375 0.66953125 0.00625 0.015625
0 0.62890625 0.69453125 0.0078125 0.0109375
0 0.62890625 0.69453125 0.0078125 0.0109375
0 0.64296875 0.68828125 0.0109375 0.0078125
0 0.64296875 0.68828125 0.0109375 0.0078125
0 0.65703125 0.68984375 0.00625 0.009375
0 0.65703125 0.68984375 0.00625 0.009375
0 0.67421875 0.6828125 0.0171875 0.0234375
0 0.67421875 0.6828125 0.0171875 0.0234375
0 0.64609375 0.640625 0.009375 0.0171875
0 0.64609375 0.640625 0.009375 0.0171875
0 0.67890625 0.61328125 0.0078125 0.0140625
0 0.67890625 0.61328125 0.0078125 0.0140625
0 0.715625 0.60546875 0.015625 0.0125
0 0.715625 0.60546875 0.015625 0.0125
0 0.68359375 0.675 0.0109375 0.0109375