0 0.29921875 0.4625 0.0140625 0.040625
0 0.29921875 0.4625 0.0140625 0.040625
0 0.31015625 0.4609375 0.00625 0.034375
0 0.31015625 0.4609375 0.00625 0.034375
0 0.3625 0.46640625 0.0234375 0.021875
0 0.3625 0.46640625 0.0234375 0.021875
0 0.39296875 0.446875 0.025 0.040625
0 0.39296875 0.446875 0.025 0.040625
0 0.4125 0.4609375 0.01875 0.075
0 0.4125 0.4609375 0.01875 0.075
0 0.71484375 0.55 0.0203125 0.0421875
0 0.71484375 0.55 0.0203125 0.0421875
0 0.65 0.59765625 0.028125 0.065625
0 0.65 0.59765625 0.028125 0.065625
0 0.60625 0.45859375 0.025 0.0265625
0 0.60625 0.45859375 0.025 0.0265625
0 0.63359375 0.46171875 0.01875 0.0453125
0 0.63359375 0.46171875 0.01875 0.0453125
0 0.71484375 0.45859375 0.0328125 0.0453125
0 0.71484375 0.45859375 0.0328125 0.0453125
0 0.5921875 0.5765625 0.0125 0.04375
0 0.5921875 0.5765625 0.0125 0.04375
0 0.31640625 0.5703125 0.0125 0.0421875
0 0.31640625 0.5703125 0.0125 0.0421875
0 0.2546875 0.57109375 0.0375 0.04375