0 0.23046875 0.5703125 0.0578125 0.046875
0 0.23046875 0.5703125 0.0578125 0.046875
0 0.2734375 0.56328125 0.0296875 0.0375
0 0.2734375 0.56328125 0.0296875 0.0375
0 0.5484375 0.51875 0.021875 0.034375
0 0.5484375 0.51875 0.021875 0.034375
0 0.58046875 0.559375 0.0359375 0.0609375
0 0.58046875 0.559375 0.0359375 0.0609375
0 0.634375 0.5703125 0.0296875 0.025
0 0.634375 0.5703125 0.0296875 0.025
0 0.60703125 0.559375 0.015625 0.0265625
0 0.60703125 0.559375 0.015625 0.0265625
0 0.52265625 0.57265625 0.040625 0.0359375
0 0.52265625 0.57265625 0.040625 0.0359375
0 0.54921875 0.56640625 0.015625 0.028125
0 0.54921875 0.56640625 0.015625 0.028125
0 0.4953125 0.56171875 0.009375 0.03125
0 0.4953125 0.56171875 0.009375 0.03125
0 0.5453125 0.5171875 0.015625 0.025
0 0.5453125 0.5171875 0.015625 0.025
0 0.5 0.51171875 0.0296875 0.0234375
0 0.5 0.51171875 0.0296875 0.0234375
0 0.2359375 0.50859375 0.009375 0.03125