0 0.31875 0.5546875 0.009375 0.0265625
0 0.31875 0.5546875 0.009375 0.0265625
0 0.34140625 0.55546875 0.0078125 0.0171875
0 0.34140625 0.55546875 0.0078125 0.0171875
0 0.415625 0.58671875 0.009375 0.0328125
0 0.415625 0.58671875 0.009375 0.0328125
0 0.40703125 0.58671875 0.0078125 0.0359375
0 0.40703125 0.58671875 0.0078125 0.0359375
0 0.64375 0.51953125 0.009375 0.0265625
0 0.64375 0.51953125 0.009375 0.0265625
0 0.67109375 0.63828125 0.0203125 0.04375
0 0.67109375 0.63828125 0.0203125 0.04375
0 0.65859375 0.63984375 0.009375 0.028125
0 0.65859375 0.63984375 0.009375 0.028125
0 0.6140625 0.65390625 0.009375 0.0234375
0 0.6140625 0.65390625 0.009375 0.0234375
0 0.28671875 0.646875 0.0125 0.028125
0 0.28671875 0.646875 0.0125 0.028125
0 0.27578125 0.63671875 0.0140625 0.034375
0 0.27578125 0.63671875 0.0140625 0.034375