0 0.2984375 0.5171875 0.0125 0.0328125
0 0.2984375 0.5171875 0.0125 0.0328125
0 0.271875 0.46875 0.0125 0.034375
0 0.271875 0.46875 0.0125 0.034375
0 0.38984375 0.5671875 0.0171875 0.0546875
0 0.38984375 0.5671875 0.0171875 0.0546875
0 0.55859375 0.5953125 0.0078125 0.0359375
0 0.55859375 0.5953125 0.0078125 0.0359375
0 0.56484375 0.5953125 0.0109375 0.040625
0 0.56484375 0.5953125 0.0109375 0.040625
0 0.603125 0.56328125 0.021875 0.0578125
0 0.603125 0.56328125 0.021875 0.0578125
0 0.6234375 0.55078125 0.0203125 0.0703125
0 0.6234375 0.55078125 0.0203125 0.0703125
0 0.74375 0.58671875 0.01875 0.0421875
0 0.74375 0.58671875 0.01875 0.0421875
0 0.7046875 0.61171875 0.009375 0.03125
0 0.7046875 0.61171875 0.009375 0.03125
0 0.69765625 0.6171875 0.00625 0.03125
0 0.69765625 0.6171875 0.00625 0.03125
0 0.653125 0.6390625 0.021875 0.0375
0 0.653125 0.6390625 0.021875 0.0375
0 0.64140625 0.64765625 0.0109375 0.0296875
0 0.64140625 0.64765625 0.0109375 0.0296875
0 0.27734375 0.61875 0.0265625 0.0390625