0 0.3078125 0.50546875 0.009375 0.0265625
0 0.3078125 0.50546875 0.009375 0.0265625
0 0.3453125 0.51640625 0.009375 0.0375
0 0.3453125 0.51640625 0.009375 0.0375
0 0.72421875 0.60390625 0.009375 0.04375
0 0.72421875 0.60390625 0.009375 0.04375
0 0.378125 0.65078125 0.01875 0.0515625
0 0.378125 0.65078125 0.01875 0.0515625
0 0.30703125 0.62734375 0.021875 0.0515625
0 0.30703125 0.62734375 0.021875 0.0515625
0 0.2515625 0.58046875 0.0140625 0.0265625
0 0.2515625 0.58046875 0.0140625 0.0265625
0 0.2703125 0.60078125 0.0078125 0.0328125
0 0.2703125 0.60078125 0.0078125 0.0328125
0 0.32578125 0.6484375 0.0140625 0.059375