0 0.45859375 0.51953125 0.0109375 0.0421875
0 0.45859375 0.51953125 0.0109375 0.0421875
0 0.46640625 0.5140625 0.0109375 0.028125
0 0.46640625 0.5140625 0.0109375 0.028125
0 0.62265625 0.48515625 0.009375 0.028125
0 0.62265625 0.48515625 0.009375 0.028125
0 0.6328125 0.48125 0.009375 0.05
0 0.6328125 0.48125 0.009375 0.05
0 0.60078125 0.58359375 0.00625 0.021875
0 0.60078125 0.58359375 0.00625 0.021875
0 0.3671875 0.60234375 0.0359375 0.05625
0 0.3671875 0.60234375 0.0359375 0.05625
0 0.34453125 0.603125 0.0078125 0.0390625
0 0.34453125 0.603125 0.0078125 0.0390625