0 0.29453125 0.45625 0.021875 0.053125
0 0.29453125 0.45625 0.021875 0.053125
0 0.30703125 0.4625 0.021875 0.05625
0 0.30703125 0.4625 0.021875 0.05625
0 0.41015625 0.50859375 0.015625 0.053125
0 0.41015625 0.50859375 0.015625 0.053125
0 0.42421875 0.51484375 0.0203125 0.0546875
0 0.42421875 0.51484375 0.0203125 0.0546875
0 0.6171875 0.54453125 0.015625 0.0640625
0 0.6171875 0.54453125 0.015625 0.0640625
0 0.665625 0.62734375 0.0125 0.021875
0 0.665625 0.62734375 0.0125 0.021875
0 0.65546875 0.63046875 0.0078125 0.025
0 0.65546875 0.63046875 0.0078125 0.025
0 0.6171875 0.63828125 0.0109375 0.0328125
0 0.6171875 0.63828125 0.0109375 0.0328125
0 0.609375 0.646875 0.00625 0.028125
0 0.609375 0.646875 0.00625 0.028125
0 0.56953125 0.6671875 0.009375 0.025
0 0.56953125 0.6671875 0.009375 0.025
0 0.33203125 0.6171875 0.0125 0.021875
0 0.33203125 0.6171875 0.0125 0.021875
0 0.27578125 0.56015625 0.03125 0.0390625