0 0.396875 0.515625 0.0125 0.0421875
0 0.396875 0.515625 0.0125 0.0421875
0 0.36640625 0.58671875 0.0328125 0.0640625
0 0.36640625 0.58671875 0.0328125 0.0640625
0 0.4796875 0.65 0.053125 0.071875
0 0.4796875 0.65 0.053125 0.071875
0 0.51015625 0.6515625 0.0078125 0.034375
0 0.51015625 0.6515625 0.0078125 0.034375
0 0.90546875 0.5484375 0.028125 0.0609375
0 0.90546875 0.5484375 0.028125 0.0609375
0 0.89375 0.45546875 0.0328125 0.065625
0 0.89375 0.45546875 0.0328125 0.065625
0 0.86328125 0.475 0.0125 0.0390625
0 0.86328125 0.475 0.0125 0.0390625
0 0.5171875 0.5546875 0.0125 0.0296875
0 0.5171875 0.5546875 0.0125 0.0296875
0 0.4765625 0.5453125 0.009375 0.04375