0 0.38828125 0.57109375 0.009375 0.0265625
0 0.38828125 0.57109375 0.009375 0.0265625
0 0.62578125 0.559375 0.0234375 0.0890625
0 0.62578125 0.559375 0.0234375 0.0890625
0 0.71640625 0.66953125 0.0078125 0.0265625
0 0.71640625 0.66953125 0.0078125 0.0265625
0 0.67109375 0.69375 0.0078125 0.01875
0 0.67109375 0.69375 0.0078125 0.01875
0 0.66171875 0.69296875 0.0078125 0.028125
0 0.66171875 0.69296875 0.0078125 0.028125
0 0.61953125 0.69765625 0.009375 0.025
0 0.61953125 0.69765625 0.009375 0.025
0 0.3921875 0.68046875 0.0078125 0.0140625
0 0.3921875 0.68046875 0.0078125 0.0140625
0 0.37734375 0.67578125 0.00625 0.021875
0 0.37734375 0.67578125 0.00625 0.021875
0 0.2796875 0.65859375 0.0328125 0.075
0 0.2796875 0.65859375 0.0328125 0.075
0 0.5046875 0.578125 0.0046875 0.01875