0 0.27890625 0.5234375 0.0109375 0.0390625
0 0.27890625 0.5234375 0.0109375 0.0390625
0 0.29140625 0.52890625 0.0140625 0.05625
0 0.29140625 0.52890625 0.0140625 0.05625
0 0.34765625 0.54296875 0.021875 0.03125
0 0.34765625 0.54296875 0.021875 0.03125
0 0.37109375 0.546875 0.0109375 0.0203125
0 0.37109375 0.546875 0.0109375 0.0203125
0 0.41953125 0.571875 0.0109375 0.0390625
0 0.41953125 0.571875 0.0109375 0.0390625
0 0.43046875 0.57734375 0.009375 0.0484375
0 0.43046875 0.57734375 0.009375 0.0484375
0 0.45859375 0.56328125 0.0078125 0.0234375
0 0.45859375 0.56328125 0.0078125 0.0234375
0 0.478125 0.56953125 0.0234375 0.0296875
0 0.478125 0.56953125 0.0234375 0.0296875
0 0.51015625 0.56328125 0.0359375 0.0421875
0 0.51015625 0.56328125 0.0359375 0.0421875
0 0.5515625 0.55546875 0.040625 0.05625
0 0.5515625 0.55546875 0.040625 0.05625
0 0.5796875 0.54296875 0.015625 0.0484375
0 0.5796875 0.54296875 0.015625 0.0484375
0 0.58515625 0.62734375 0.05 0.0625
0 0.58515625 0.62734375 0.05 0.0625
0 0.55078125 0.64375 0.01875 0.046875
0 0.55078125 0.64375 0.01875 0.046875
0 0.28828125 0.6171875 0.0171875 0.04375
0 0.28828125 0.6171875 0.0171875 0.04375
0 0.27734375 0.61640625 0.015625 0.040625