0 0.28125 0.53203125 0.0125 0.0328125
0 0.28125 0.53203125 0.0125 0.0328125
0 0.265625 0.52734375 0.009375 0.0140625
0 0.265625 0.52734375 0.009375 0.0140625
0 0.53828125 0.5796875 0.00625 0.01875
0 0.53828125 0.5796875 0.00625 0.01875
0 0.59609375 0.58046875 0.015625 0.0390625
0 0.59609375 0.58046875 0.015625 0.0390625
0 0.6796875 0.55546875 0.0078125 0.015625
0 0.6796875 0.55546875 0.0078125 0.015625
0 0.690625 0.55703125 0.00625 0.015625
0 0.690625 0.55703125 0.00625 0.015625
0 0.7453125 0.63359375 0.0078125 0.0203125
0 0.7453125 0.63359375 0.0078125 0.0203125
0 0.7390625 0.640625 0.00625 0.021875
0 0.7390625 0.640625 0.00625 0.021875
0 0.7 0.67578125 0.0171875 0.03125
0 0.7 0.67578125 0.0171875 0.03125
0 0.68828125 0.6828125 0.009375 0.0234375
0 0.68828125 0.6828125 0.009375 0.0234375
0 0.19296875 0.6078125 0.0203125 0.0328125