0 0.14453125 0.43203125 0.0328125 0.0640625
0 0.14453125 0.43203125 0.0328125 0.0640625
0 0.3625 0.41953125 0.028125 0.06875
0 0.3625 0.41953125 0.028125 0.06875
0 0.2328125 0.4265625 0.0453125 0.0453125
0 0.2328125 0.4265625 0.0453125 0.0453125
0 0.41796875 0.45859375 0.0640625 0.11875
0 0.41796875 0.45859375 0.0640625 0.11875
0 0.08984375 0.5953125 0.0390625 0.0453125
0 0.08984375 0.5953125 0.0390625 0.0453125
0 0.89765625 0.58046875 0.075 0.0578125
0 0.89765625 0.58046875 0.075 0.0578125
0 0.4953125 0.70703125 0.03125 0.0546875
0 0.4953125 0.70703125 0.03125 0.0546875
0 0.55625 0.421875 0.0265625 0.03125
0 0.55625 0.421875 0.0265625 0.03125
0 0.46171875 0.609375 0.0640625 0.0640625
0 0.46171875 0.609375 0.0640625 0.0640625
0 0.3015625 0.490625 0.0203125 0.0328125