0 0.32734375 0.60546875 0.009375 0.0296875
0 0.32734375 0.60546875 0.009375 0.0296875
0 0.33671875 0.609375 0.0109375 0.028125
0 0.33671875 0.609375 0.0109375 0.028125
0 0.45546875 0.60234375 0.0140625 0.009375
0 0.45546875 0.60234375 0.0140625 0.009375
0 0.515625 0.60234375 0.009375 0.0171875
0 0.515625 0.60234375 0.009375 0.0171875
0 0.53828125 0.59765625 0.025 0.0140625
0 0.53828125 0.59765625 0.025 0.0140625
0 0.6296875 0.6125 0.0109375 0.0296875
0 0.6296875 0.6125 0.0109375 0.0296875
0 0.621875 0.6171875 0.009375 0.0328125
0 0.621875 0.6171875 0.009375 0.0328125
0 0.37265625 0.63359375 0.0078125 0.021875