0 0.6796875 0.41484375 0.009375 0.028125
0 0.6796875 0.41484375 0.009375 0.028125
0 0.7109375 0.396875 0.0109375 0.0375
0 0.7109375 0.396875 0.0109375 0.0375
0 0.7203125 0.38671875 0.0203125 0.0453125
0 0.7203125 0.38671875 0.0203125 0.0453125
0 0.7171875 0.50234375 0.0203125 0.0390625
0 0.7171875 0.50234375 0.0203125 0.0390625
0 0.60546875 0.5625 0.021875 0.0421875
0 0.60546875 0.5625 0.021875 0.0421875
0 0.28515625 0.5109375 0.015625 0.0359375
0 0.28515625 0.5109375 0.015625 0.0359375
0 0.27421875 0.5 0.0140625 0.0296875