0 0.34375 0.52578125 0.028125 0.0515625
0 0.34375 0.52578125 0.028125 0.0515625
0 0.36171875 0.53203125 0.009375 0.028125
0 0.36171875 0.53203125 0.009375 0.028125
0 0.46328125 0.57734375 0.0046875 0.0390625
0 0.46328125 0.57734375 0.0046875 0.0390625
0 0.61328125 0.67109375 0.0125 0.0390625
0 0.61328125 0.67109375 0.0125 0.0390625
0 0.603125 0.6921875 0.0125 0.0296875
0 0.603125 0.6921875 0.0125 0.0296875
0 0.36328125 0.66953125 0.0140625 0.04375
0 0.36328125 0.66953125 0.0140625 0.04375
0 0.26796875 0.65390625 0.009375 0.0171875
0 0.26796875 0.65390625 0.009375 0.0171875
0 0.315625 0.65 0.00625 0.0375
0 0.315625 0.65 0.00625 0.0375
0 0.25625 0.621875 0.025 0.0625