0 0.34453125 0.528125 0.021875 0.075
0 0.34453125 0.528125 0.021875 0.075
0 0.38984375 0.55546875 0.009375 0.0328125
0 0.38984375 0.55546875 0.009375 0.0328125
0 0.7234375 0.56015625 0.040625 0.0828125
0 0.7234375 0.56015625 0.040625 0.0828125
0 0.6 0.60546875 0.03125 0.0625
0 0.6 0.60546875 0.03125 0.0625
0 0.57734375 0.61875 0.0171875 0.034375
0 0.57734375 0.61875 0.0171875 0.034375
0 0.53828125 0.6109375 0.0203125 0.05625
0 0.53828125 0.6109375 0.0203125 0.05625
0 0.4515625 0.55703125 0.0265625 0.034375