0 0.28046875 0.52109375 0.040625 0.05625
0 0.28046875 0.52109375 0.040625 0.05625
0 0.3359375 0.5328125 0.0421875 0.0671875
0 0.3359375 0.5328125 0.0421875 0.0671875
0 0.36953125 0.51484375 0.034375 0.0734375
0 0.36953125 0.51484375 0.034375 0.0734375
0 0.63046875 0.49609375 0.009375 0.03125
0 0.63046875 0.49609375 0.009375 0.03125
0 0.70546875 0.5015625 0.0265625 0.0578125
0 0.70546875 0.5015625 0.0265625 0.0578125
0 0.69140625 0.63046875 0.05 0.0609375
0 0.69140625 0.63046875 0.05 0.0609375
0 0.6375 0.65859375 0.04375 0.0546875
0 0.6375 0.65859375 0.04375 0.0546875
0 0.66328125 0.6421875 0.009375 0.0203125
0 0.66328125 0.6421875 0.009375 0.0203125
0 0.421875 0.70078125 0.0078125 0.0359375
0 0.421875 0.70078125 0.0078125 0.0359375
0 0.384375 0.69921875 0.0203125 0.0515625
0 0.384375 0.69921875 0.0203125 0.0515625
0 0.3546875 0.67578125 0.028125 0.0671875