0 0.1296875 0.5 0.0203125 0.0515625
0 0.1296875 0.5 0.0203125 0.0515625
0 0.23359375 0.53046875 0.01875 0.0609375
0 0.23359375 0.53046875 0.01875 0.0609375
0 0.30859375 0.5625 0.0109375 0.0375
0 0.30859375 0.5625 0.0109375 0.0375
0 0.32890625 0.5609375 0.00625 0.028125
0 0.32890625 0.5609375 0.00625 0.028125
0 0.33828125 0.5609375 0.0078125 0.025
0 0.33828125 0.5609375 0.0078125 0.025
0 0.36875 0.5625 0.0078125 0.040625
0 0.36875 0.5625 0.0078125 0.040625
0 0.378125 0.56640625 0.0078125 0.0375
0 0.378125 0.56640625 0.0078125 0.0375
0 0.41484375 0.55390625 0.00625 0.0265625
0 0.41484375 0.55390625 0.00625 0.0265625
0 0.42109375 0.553125 0.0078125 0.03125
0 0.42109375 0.553125 0.0078125 0.03125
0 0.6171875 0.484375 0.0484375 0.06875
0 0.6171875 0.484375 0.0484375 0.06875
0 0.634375 0.58359375 0.0328125 0.075
0 0.634375 0.58359375 0.0328125 0.075
0 0.54921875 0.578125 0.0234375 0.0296875
0 0.54921875 0.578125 0.0234375 0.0296875
0 0.49296875 0.61796875 0.01875 0.03125
0 0.49296875 0.61796875 0.01875 0.03125
0 0.475 0.62578125 0.009375 0.0359375
0 0.475 0.62578125 0.009375 0.0359375
0 0.13046875 0.60390625 0.009375 0.021875
0 0.13046875 0.60390625 0.009375 0.021875
0 0.10625 0.5609375 0.059375 0.0828125