0 0.353125 0.578125 0.0171875 0.034375
0 0.353125 0.578125 0.0171875 0.034375
0 0.41484375 0.56015625 0.0171875 0.0390625
0 0.41484375 0.56015625 0.0171875 0.0390625
0 0.39375 0.5828125 0.0109375 0.034375
0 0.39375 0.5828125 0.0109375 0.034375
0 0.38046875 0.58671875 0.0109375 0.03125
0 0.38046875 0.58671875 0.0109375 0.03125
0 0.49296875 0.559375 0.00625 0.0265625
0 0.49296875 0.559375 0.00625 0.0265625
0 0.5015625 0.55546875 0.0046875 0.034375
0 0.5015625 0.55546875 0.0046875 0.034375
0 0.61171875 0.5890625 0.009375 0.025
0 0.61171875 0.5890625 0.009375 0.025
0 0.596875 0.58359375 0.0125 0.0328125
0 0.596875 0.58359375 0.0125 0.0328125
0 0.61328125 0.58671875 0.0078125 0.025
0 0.61328125 0.58671875 0.0078125 0.025
0 0.6421875 0.5875 0.0046875 0.0296875
0 0.6421875 0.5875 0.0046875 0.0296875
0 0.6515625 0.5796875 0.00625 0.021875
0 0.6515625 0.5796875 0.00625 0.021875
0 0.38359375 0.67890625 0.015625 0.0515625
0 0.38359375 0.67890625 0.015625 0.0515625
0 0.371875 0.66875 0.00625 0.0296875
0 0.371875 0.66875 0.00625 0.0296875