0 0.2453125 0.4765625 0.03125 0.0640625
0 0.2453125 0.4765625 0.03125 0.0640625
0 0.2671875 0.4953125 0.0109375 0.0421875
0 0.2671875 0.4953125 0.0109375 0.0421875
0 0.31171875 0.50625 0.0125 0.0375
0 0.31171875 0.50625 0.0125 0.0375
0 0.37265625 0.51640625 0.0296875 0.053125
0 0.37265625 0.51640625 0.0296875 0.053125
0 0.39453125 0.5359375 0.0171875 0.0328125
0 0.39453125 0.5359375 0.0171875 0.0328125
0 0.62421875 0.56015625 0.009375 0.0375
0 0.62421875 0.56015625 0.009375 0.0375
0 0.68671875 0.521875 0.028125 0.1015625
0 0.68671875 0.521875 0.028125 0.1015625
0 0.7453125 0.515625 0.0109375 0.028125
0 0.7453125 0.515625 0.0109375 0.028125