0 0.63359375 0.5359375 0.0078125 0.025
0 0.63359375 0.5359375 0.0078125 0.025
0 0.62421875 0.534375 0.00625 0.021875
0 0.62421875 0.534375 0.00625 0.021875
0 0.603125 0.54140625 0.009375 0.0328125
0 0.603125 0.54140625 0.009375 0.0328125
0 0.6328125 0.5328125 0.00625 0.025
0 0.6328125 0.5328125 0.00625 0.025
0 0.490625 0.596875 0.0078125 0.025
0 0.490625 0.596875 0.0078125 0.025
0 0.30390625 0.68671875 0.0484375 0.05
0 0.30390625 0.68671875 0.0484375 0.05
0 0.38125 0.68515625 0.0125 0.0296875
0 0.38125 0.68515625 0.0125 0.0296875
0 0.39296875 0.6828125 0.0109375 0.028125
0 0.39296875 0.6828125 0.0109375 0.028125
0 0.5484375 0.7015625 0.0125 0.040625
0 0.5484375 0.7015625 0.0125 0.040625
0 0.559375 0.6921875 0.0125 0.0453125
0 0.559375 0.6921875 0.0125 0.0453125
0 0.55859375 0.69375 0.0109375 0.0484375
0 0.55859375 0.69375 0.0109375 0.0484375
0 0.59765625 0.675 0.0171875 0.0546875
0 0.59765625 0.675 0.0171875 0.0546875
0 0.6171875 0.69375 0.0078125 0.028125
0 0.6171875 0.69375 0.0078125 0.028125
0 0.65859375 0.6953125 0.009375 0.034375
0 0.65859375 0.6953125 0.009375 0.034375
0 0.6671875 0.6578125 0.015625 0.0296875