0 0.28515625 0.49453125 0.015625 0.0796875
0 0.28515625 0.49453125 0.015625 0.0796875
0 0.30625 0.503125 0.0265625 0.1078125
0 0.30625 0.503125 0.0265625 0.1078125
0 0.3609375 0.51484375 0.0296875 0.0625
0 0.3609375 0.51484375 0.0296875 0.0625
0 0.38671875 0.534375 0.0203125 0.0625
0 0.38671875 0.534375 0.0203125 0.0625
0 0.3125 0.625 0.015625 0.046875
0 0.3125 0.625 0.015625 0.046875
0 0.31640625 0.6640625 0.0140625 0.021875
0 0.31640625 0.6640625 0.0140625 0.021875
0 0.371875 0.67734375 0.0125 0.0234375
0 0.371875 0.67734375 0.0125 0.0234375