0 0.3796875 0.503125 0.00625 0.0234375
0 0.3796875 0.503125 0.00625 0.0234375
0 0.71171875 0.52578125 0.0078125 0.01875
0 0.71171875 0.52578125 0.0078125 0.01875
0 0.7515625 0.4828125 0.01875 0.0375
0 0.7515625 0.4828125 0.01875 0.0375
0 0.71640625 0.65390625 0.0125 0.0265625
0 0.71640625 0.65390625 0.0125 0.0265625
0 0.7265625 0.6484375 0.00625 0.0203125
0 0.7265625 0.6484375 0.00625 0.0203125
0 0.66953125 0.66953125 0.0078125 0.0203125
0 0.66953125 0.66953125 0.0078125 0.0203125
0 0.62734375 0.7 0.003125 0.01875