0 0.24453125 0.4625 0.01875 0.040625
0 0.24453125 0.4625 0.01875 0.040625
0 0.253125 0.48671875 0.021875 0.0484375
0 0.253125 0.48671875 0.021875 0.0484375
0 0.2734375 0.4875 0.015625 0.040625
0 0.2734375 0.4875 0.015625 0.040625
0 0.3328125 0.55078125 0.009375 0.0265625
0 0.3328125 0.55078125 0.009375 0.0265625
0 0.6375 0.52578125 0.0109375 0.0421875
0 0.6375 0.52578125 0.0109375 0.0421875
0 0.696875 0.46484375 0.03125 0.0546875
0 0.696875 0.46484375 0.03125 0.0546875
0 0.71953125 0.465625 0.0140625 0.059375
0 0.71953125 0.465625 0.0140625 0.059375
0 0.675 0.60625 0.021875 0.0515625
0 0.675 0.60625 0.021875 0.0515625
0 0.66015625 0.62421875 0.0171875 0.0453125
0 0.66015625 0.62421875 0.0171875 0.0453125
0 0.340625 0.63984375 0.03125 0.059375
0 0.340625 0.63984375 0.03125 0.059375