0 0.31875 0.59140625 0.059375 0.046875
0 0.31875 0.59140625 0.059375 0.046875
0 0.2984375 0.50625 0.01875 0.0359375
0 0.2984375 0.50625 0.01875 0.0359375
0 0.33203125 0.53046875 0.0109375 0.028125
0 0.33203125 0.53046875 0.0109375 0.028125
0 0.340625 0.54375 0.0109375 0.0390625
0 0.340625 0.54375 0.0109375 0.0390625
0 0.6625 0.53125 0.05 0.0703125
0 0.6625 0.53125 0.05 0.0703125
0 0.7046875 0.578125 0.028125 0.0234375
0 0.7046875 0.578125 0.028125 0.0234375
0 0.6421875 0.60546875 0.053125 0.071875
0 0.6421875 0.60546875 0.053125 0.071875
0 0.5984375 0.63046875 0.0375 0.04375
0 0.5984375 0.63046875 0.0375 0.04375
0 0.2640625 0.5609375 0.01875 0.0203125