0 0.40703125 0.56640625 0.01875 0.0296875
0 0.40703125 0.56640625 0.01875 0.0296875
0 0.33046875 0.5796875 0.00625 0.0125
0 0.33046875 0.5796875 0.00625 0.0125
0 0.3578125 0.59375 0.0078125 0.0140625
0 0.3578125 0.59375 0.0078125 0.0140625
0 0.39296875 0.60234375 0.00625 0.0140625
0 0.39296875 0.60234375 0.00625 0.0140625
0 0.39296875 0.55625 0.0140625 0.0328125
0 0.39296875 0.55625 0.0140625 0.0328125
0 0.4 0.60234375 0.00625 0.0203125
0 0.4 0.60234375 0.00625 0.0203125
0 0.66953125 0.58359375 0.0078125 0.0125
0 0.66953125 0.58359375 0.0078125 0.0125
0 0.66328125 0.58515625 0.0046875 0.0140625
0 0.66328125 0.58515625 0.0046875 0.0140625