0 0.27578125 0.4953125 0.0171875 0.0375
0 0.27578125 0.4953125 0.0171875 0.0375
0 0.315625 0.54609375 0.0078125 0.028125
0 0.315625 0.54609375 0.0078125 0.028125
0 0.434375 0.571875 0.009375 0.046875
0 0.434375 0.571875 0.009375 0.046875
0 0.45546875 0.56015625 0.01875 0.08125
0 0.45546875 0.56015625 0.01875 0.08125
0 0.484375 0.59140625 0.0265625 0.021875
0 0.484375 0.59140625 0.0265625 0.021875
0 0.5890625 0.5171875 0.0078125 0.0421875
0 0.5890625 0.5171875 0.0078125 0.0421875
0 0.603125 0.540625 0.0265625 0.078125
0 0.603125 0.540625 0.0265625 0.078125
0 0.609375 0.67890625 0.00625 0.05
0 0.609375 0.67890625 0.00625 0.05
0 0.3390625 0.66640625 0.0078125 0.040625
0 0.3390625 0.66640625 0.0078125 0.040625