0 0.45234375 0.5890625 0.003125 0.0328125
0 0.45234375 0.5890625 0.003125 0.0328125
0 0.46015625 0.5890625 0.009375 0.0421875
0 0.46015625 0.5890625 0.009375 0.0421875
0 0.49375 0.61875 0.0078125 0.0453125
0 0.49375 0.61875 0.0078125 0.0453125
0 0.5609375 0.59375 0.0109375 0.04375
0 0.5609375 0.59375 0.0109375 0.04375
0 0.415625 0.70859375 0.0125 0.0375
0 0.415625 0.70859375 0.0125 0.0375
0 0.38984375 0.6671875 0.0109375 0.025
0 0.38984375 0.6671875 0.0109375 0.025
0 0.32890625 0.66328125 0.0359375 0.0609375
0 0.32890625 0.66328125 0.0359375 0.0609375