0 0.2734375 0.37890625 0.015625 0.0421875
0 0.2734375 0.37890625 0.015625 0.0421875
0 0.33671875 0.44140625 0.028125 0.0296875
0 0.33671875 0.44140625 0.028125 0.0296875
0 0.3578125 0.43984375 0.009375 0.0296875
0 0.3578125 0.43984375 0.009375 0.0296875
0 0.70546875 0.3796875 0.009375 0.0265625
0 0.70546875 0.3796875 0.009375 0.0265625
0 0.64765625 0.5140625 0.040625 0.06875
0 0.64765625 0.5140625 0.040625 0.06875
0 0.615625 0.5359375 0.0125 0.040625
0 0.615625 0.5359375 0.0125 0.040625
0 0.3890625 0.5390625 0.0109375 0.0375
0 0.3890625 0.5390625 0.0109375 0.0375
0 0.36171875 0.521875 0.0140625 0.046875
0 0.36171875 0.521875 0.0140625 0.046875
0 0.3265625 0.5046875 0.015625 0.05
0 0.3265625 0.5046875 0.015625 0.05
0 0.3140625 0.5 0.009375 0.034375
0 0.3140625 0.5 0.009375 0.034375
0 0.2515625 0.44921875 0.0296875 0.0484375