0 0.29609375 0.51015625 0.009375 0.0296875
0 0.29609375 0.51015625 0.009375 0.0296875
0 0.30546875 0.51953125 0.0140625 0.04375
0 0.30546875 0.51953125 0.0140625 0.04375
0 0.33984375 0.53984375 0.015625 0.053125
0 0.33984375 0.53984375 0.015625 0.053125
0 0.35625 0.54921875 0.015625 0.0453125
0 0.35625 0.54921875 0.015625 0.0453125
0 0.63125 0.5578125 0.0109375 0.034375
0 0.63125 0.5578125 0.0109375 0.034375
0 0.64140625 0.55 0.0109375 0.028125
0 0.64140625 0.55 0.0109375 0.028125
0 0.678125 0.5234375 0.0109375 0.0328125
0 0.678125 0.5234375 0.0109375 0.0328125
0 0.6875 0.515625 0.009375 0.0265625
0 0.6875 0.515625 0.009375 0.0265625
0 0.71875 0.59296875 0.009375 0.021875
0 0.71875 0.59296875 0.009375 0.021875
0 0.71328125 0.5984375 0.0078125 0.021875
0 0.71328125 0.5984375 0.0078125 0.021875
0 0.6703125 0.63203125 0.0109375 0.0296875
0 0.6703125 0.63203125 0.0109375 0.0296875
0 0.6609375 0.640625 0.0125 0.0421875
0 0.6609375 0.640625 0.0125 0.0421875
0 0.371875 0.65703125 0.0140625 0.0375
0 0.371875 0.65703125 0.0140625 0.0375
0 0.3078125 0.62578125 0.015625 0.0484375
0 0.3078125 0.62578125 0.015625 0.0484375