0 0.35859375 0.46171875 0.009375 0.0234375
0 0.35859375 0.46171875 0.009375 0.0234375
0 0.40234375 0.46484375 0.0203125 0.0609375
0 0.40234375 0.46484375 0.0203125 0.0609375
0 0.63984375 0.4703125 0.015625 0.0375
0 0.63984375 0.4703125 0.015625 0.0375
0 0.684375 0.4625 0.0109375 0.0328125
0 0.684375 0.4625 0.0109375 0.0328125
0 0.70703125 0.5578125 0.00625 0.0234375
0 0.70703125 0.5578125 0.00625 0.0234375
0 0.34140625 0.55078125 0.015625 0.0484375
0 0.34140625 0.55078125 0.015625 0.0484375
0 0.37265625 0.55546875 0.0078125 0.0328125