0 0.34140625 0.5484375 0.0265625 0.0515625
0 0.34140625 0.5484375 0.0265625 0.0515625
0 0.63125 0.58046875 0.00625 0.0234375
0 0.63125 0.58046875 0.00625 0.0234375
0 0.63828125 0.5796875 0.0046875 0.021875
0 0.63828125 0.5796875 0.0046875 0.021875
0 0.66171875 0.56796875 0.00625 0.03125
0 0.66171875 0.56796875 0.00625 0.03125
0 0.66953125 0.56328125 0.0078125 0.034375
0 0.66953125 0.56328125 0.0078125 0.034375
0 0.709375 0.53984375 0.009375 0.0375
0 0.709375 0.53984375 0.009375 0.0375
0 0.71796875 0.53828125 0.015625 0.025
0 0.71796875 0.53828125 0.015625 0.025
0 0.6984375 0.62578125 0.00625 0.0171875
0 0.6984375 0.62578125 0.00625 0.0171875
0 0.690625 0.62265625 0.0046875 0.0234375
0 0.690625 0.62265625 0.0046875 0.0234375