0 0.38671875 0.6375 0.021875 0.0640625
0 0.38671875 0.6375 0.021875 0.0640625
0 0.425 0.64140625 0.009375 0.0390625
0 0.425 0.64140625 0.009375 0.0390625
0 0.66875 0.66796875 0.009375 0.028125
0 0.66875 0.66796875 0.009375 0.028125
0 0.71484375 0.6546875 0.01875 0.0484375
0 0.71484375 0.6546875 0.01875 0.0484375
0 0.67421875 0.66796875 0.00625 0.015625
0 0.67421875 0.66796875 0.00625 0.015625
0 0.68125 0.57265625 0.0203125 0.0578125
0 0.68125 0.57265625 0.0203125 0.0578125
0 0.696875 0.57578125 0.0109375 0.025