0 0.3109375 0.5109375 0.00625 0.0296875
0 0.3109375 0.5109375 0.00625 0.0296875
0 0.34765625 0.52734375 0.025 0.0546875
0 0.34765625 0.52734375 0.025 0.0546875
0 0.32109375 0.51328125 0.009375 0.0265625
0 0.32109375 0.51328125 0.009375 0.0265625
0 0.6953125 0.49375 0.0046875 0.0296875
0 0.6953125 0.49375 0.0046875 0.0296875
0 0.6171875 0.6734375 0.0109375 0.0328125
0 0.6171875 0.6734375 0.0109375 0.0328125
0 0.60390625 0.696875 0.015625 0.0390625
0 0.60390625 0.696875 0.015625 0.0390625
0 0.36484375 0.6734375 0.0125 0.0359375
0 0.36484375 0.6734375 0.0125 0.0359375
0 0.3203125 0.65390625 0.009375 0.0328125
0 0.3203125 0.65390625 0.009375 0.0328125
0 0.2609375 0.625 0.021875 0.0625