0 0.3640625 0.54453125 0.015625 0.040625
0 0.3640625 0.54453125 0.015625 0.040625
0 0.38515625 0.55390625 0.009375 0.021875
0 0.38515625 0.55390625 0.009375 0.021875
0 0.64609375 0.55625 0.0109375 0.0265625
0 0.64609375 0.55625 0.0109375 0.0265625
0 0.665625 0.55078125 0.0125 0.0390625
0 0.665625 0.55078125 0.0125 0.0390625
0 0.6890625 0.62421875 0.0078125 0.01875
0 0.6890625 0.62421875 0.0078125 0.01875
0 0.7171875 0.62265625 0.0078125 0.0203125
0 0.7171875 0.62265625 0.0078125 0.0203125
0 0.63359375 0.65625 0.0046875 0.0171875
0 0.63359375 0.65625 0.0046875 0.0171875
0 0.31640625 0.62734375 0.0109375 0.0296875