0 0.26640625 0.36875 0.028125 0.0765625
0 0.26640625 0.36875 0.028125 0.0765625
0 0.3109375 0.41015625 0.0078125 0.028125
0 0.3109375 0.41015625 0.0078125 0.028125
0 0.34765625 0.4265625 0.0171875 0.046875
0 0.34765625 0.4265625 0.0171875 0.046875
0 0.3203125 0.41015625 0.00625 0.021875
0 0.3203125 0.41015625 0.00625 0.021875
0 0.36484375 0.42265625 0.0296875 0.1
0 0.36484375 0.42265625 0.0296875 0.1
0 0.590625 0.43984375 0.01875 0.053125
0 0.590625 0.43984375 0.01875 0.053125
0 0.6625 0.4109375 0.009375 0.025
0 0.6625 0.4109375 0.009375 0.025
0 0.6703125 0.409375 0.0078125 0.025
0 0.6703125 0.409375 0.0078125 0.025
0 0.7171875 0.47265625 0.0296875 0.0390625
0 0.7171875 0.47265625 0.0296875 0.0390625
0 0.63515625 0.54296875 0.040625 0.0484375
0 0.63515625 0.54296875 0.040625 0.0484375
0 0.309375 0.509375 0.0375 0.0453125
0 0.309375 0.509375 0.0375 0.0453125
0 0.27734375 0.4671875 0.034375 0.05625