0 0.72578125 0.40859375 0.0109375 0.0328125
0 0.72578125 0.40859375 0.0109375 0.0328125
0 0.73359375 0.4046875 0.0046875 0.0203125
0 0.73359375 0.4046875 0.0046875 0.0203125
0 0.76875 0.46171875 0.0171875 0.046875
0 0.76875 0.46171875 0.0171875 0.046875
0 0.721875 0.4796875 0.0109375 0.0265625
0 0.721875 0.4796875 0.0109375 0.0265625
0 0.69765625 0.48125 0.0140625 0.01875
0 0.69765625 0.48125 0.0140625 0.01875
0 0.6796875 0.50234375 0.0109375 0.034375
0 0.6796875 0.50234375 0.0109375 0.034375
0 0.62109375 0.51796875 0.0046875 0.0125
0 0.62109375 0.51796875 0.0046875 0.0125