0 0.49375 0.5890625 0.0046875 0.0296875
0 0.49375 0.5890625 0.0046875 0.0296875
0 0.615625 0.5296875 0.009375 0.03125
0 0.615625 0.5296875 0.009375 0.03125
0 0.63984375 0.51875 0.00625 0.0265625
0 0.63984375 0.51875 0.00625 0.0265625
0 0.6484375 0.51953125 0.009375 0.0328125
0 0.6484375 0.51953125 0.009375 0.0328125
0 0.68671875 0.65546875 0.01875 0.0328125
0 0.68671875 0.65546875 0.01875 0.0328125
0 0.67578125 0.6953125 0.009375 0.0421875
0 0.67578125 0.6953125 0.009375 0.0421875
0 0.6625 0.703125 0.0140625 0.028125
0 0.6625 0.703125 0.0140625 0.028125
0 0.63125 0.68515625 0.0109375 0.028125
0 0.63125 0.68515625 0.0109375 0.028125
0 0.6109375 0.66953125 0.0171875 0.06875
0 0.6109375 0.66953125 0.0171875 0.06875
0 0.56875 0.69140625 0.0140625 0.046875
0 0.56875 0.69140625 0.0140625 0.046875
0 0.553125 0.69765625 0.015625 0.05
0 0.553125 0.69765625 0.015625 0.05
0 0.375 0.67734375 0.0171875 0.0390625
0 0.375 0.67734375 0.0171875 0.0390625
0 0.38671875 0.68359375 0.015625 0.040625
0 0.38671875 0.68359375 0.015625 0.040625
0 0.28984375 0.6875 0.0609375 0.065625