0 0.29921875 0.4453125 0.0390625 0.065625
0 0.29921875 0.4453125 0.0390625 0.065625
0 0.353125 0.4515625 0.0234375 0.0609375
0 0.353125 0.4515625 0.0234375 0.0609375
0 0.32890625 0.446875 0.021875 0.0671875
0 0.32890625 0.446875 0.021875 0.0671875
0 0.6078125 0.478125 0.028125 0.0796875
0 0.6078125 0.478125 0.028125 0.0796875
0 0.64453125 0.4703125 0.00625 0.0234375
0 0.64453125 0.4703125 0.00625 0.0234375
0 0.67578125 0.5703125 0.03125 0.06875
0 0.67578125 0.5703125 0.03125 0.06875
0 0.59296875 0.59609375 0.0171875 0.0375
0 0.59296875 0.59609375 0.0171875 0.0375
0 0.58203125 0.59375 0.0125 0.0359375
0 0.58203125 0.59375 0.0125 0.0359375
0 0.38671875 0.58828125 0.0265625 0.0671875
0 0.38671875 0.58828125 0.0265625 0.0671875
0 0.36171875 0.58359375 0.0375 0.09375
0 0.36171875 0.58359375 0.0375 0.09375