0 0.26171875 0.53984375 0.009375 0.0265625
0 0.26171875 0.53984375 0.009375 0.0265625
0 0.296875 0.5609375 0.0078125 0.0265625
0 0.296875 0.5609375 0.0078125 0.0265625
0 0.30625 0.565625 0.0109375 0.0171875
0 0.30625 0.565625 0.0109375 0.0171875
0 0.35625 0.5734375 0.0140625 0.0375
0 0.35625 0.5734375 0.0140625 0.0375
0 0.671875 0.57109375 0.01875 0.0609375
0 0.671875 0.57109375 0.01875 0.0609375
0 0.72890625 0.6546875 0.0078125 0.01875
0 0.72890625 0.6546875 0.0078125 0.01875
0 0.71796875 0.66640625 0.015625 0.0578125
0 0.71796875 0.66640625 0.015625 0.0578125
0 0.66484375 0.67265625 0.0109375 0.0296875
0 0.66484375 0.67265625 0.0109375 0.0296875
0 0.6734375 0.67265625 0.0046875 0.021875
0 0.6734375 0.67265625 0.0046875 0.021875
0 0.37421875 0.69375 0.0296875 0.0328125
0 0.37421875 0.69375 0.0296875 0.0328125
0 0.35859375 0.68203125 0.0125 0.0328125
0 0.35859375 0.68203125 0.0125 0.0328125
0 0.32109375 0.67265625 0.0203125 0.0546875
0 0.32109375 0.67265625 0.0203125 0.0546875
0 0.265625 0.634375 0.0125 0.03125