0 0.18828125 0.52890625 0.0390625 0.0859375
0 0.18828125 0.52890625 0.0390625 0.0859375
0 0.21796875 0.52734375 0.028125 0.0234375
0 0.21796875 0.52734375 0.028125 0.0234375
0 0.30859375 0.55703125 0.009375 0.0203125
0 0.30859375 0.55703125 0.009375 0.0203125
0 0.30078125 0.55625 0.00625 0.021875
0 0.30078125 0.55625 0.00625 0.021875
0 0.6296875 0.54453125 0.0296875 0.0703125
0 0.6296875 0.54453125 0.0296875 0.0703125
0 0.7671875 0.52109375 0.040625 0.0734375
0 0.7671875 0.52109375 0.040625 0.0734375
0 0.73203125 0.503125 0.0125 0.0234375
0 0.73203125 0.503125 0.0125 0.0234375
0 0.73984375 0.6296875 0.0046875 0.01875
0 0.73984375 0.6296875 0.0046875 0.01875
0 0.690625 0.65234375 0.009375 0.021875
0 0.690625 0.65234375 0.009375 0.021875
0 0.6796875 0.6546875 0.009375 0.0265625
0 0.6796875 0.6546875 0.009375 0.0265625
0 0.63671875 0.66171875 0.0109375 0.0203125
0 0.63671875 0.66171875 0.0109375 0.0203125
0 0.628125 0.6640625 0.009375 0.0234375
0 0.628125 0.6640625 0.009375 0.0234375
0 0.59921875 0.66875 0.0078125 0.0203125
0 0.59921875 0.66875 0.0078125 0.0203125
0 0.271875 0.65546875 0.0109375 0.0234375