0 0.35390625 0.55703125 0.0265625 0.075
0 0.35390625 0.55703125 0.0265625 0.075
0 0.3765625 0.57265625 0.015625 0.04375
0 0.3765625 0.57265625 0.015625 0.04375
0 0.63125 0.6390625 0.00625 0.021875
0 0.63125 0.6390625 0.00625 0.021875
0 0.6 0.65234375 0.0109375 0.040625
0 0.6 0.65234375 0.0109375 0.040625
0 0.640625 0.64375 0.0109375 0.0203125
0 0.640625 0.64375 0.0109375 0.0203125
0 0.58203125 0.66015625 0.0109375 0.0265625
0 0.58203125 0.66015625 0.0109375 0.0265625
0 0.39375 0.66171875 0.009375 0.025
0 0.39375 0.66171875 0.009375 0.025
0 0.2546875 0.60859375 0.0078125 0.0234375
0 0.2546875 0.60859375 0.0078125 0.0234375
0 0.30234375 0.634375 0.009375 0.021875