0 0.29140625 0.45 0.0109375 0.0328125
0 0.29140625 0.45 0.0109375 0.0328125
0 0.2515625 0.4140625 0.0109375 0.0296875
0 0.2515625 0.4140625 0.0109375 0.0296875
0 0.37734375 0.490625 0.0203125 0.0421875
0 0.37734375 0.490625 0.0203125 0.0421875
0 0.578125 0.5078125 0.0125 0.0484375
0 0.578125 0.5078125 0.0125 0.0484375
0 0.628125 0.48203125 0.025 0.025
0 0.628125 0.48203125 0.025 0.025
0 0.75859375 0.4734375 0.0453125 0.0515625
0 0.75859375 0.4734375 0.0453125 0.0515625
0 0.62109375 0.58515625 0.009375 0.0453125
0 0.62109375 0.58515625 0.009375 0.0453125
0 0.409375 0.62890625 0.0171875 0.059375
0 0.409375 0.62890625 0.0171875 0.059375
0 0.396875 0.59453125 0.0234375 0.078125
0 0.396875 0.59453125 0.0234375 0.078125
0 0.35390625 0.56015625 0.0140625 0.0390625
0 0.35390625 0.56015625 0.0140625 0.0390625
0 0.2890625 0.54140625 0.015625 0.0359375
0 0.2890625 0.54140625 0.015625 0.0359375