0 0.35 0.56484375 0.0171875 0.0453125
0 0.35 0.56484375 0.0171875 0.0453125
0 0.4984375 0.57890625 0.0109375 0.034375
0 0.4984375 0.57890625 0.0109375 0.034375
0 0.51171875 0.58046875 0.0109375 0.0296875
0 0.51171875 0.58046875 0.0109375 0.0296875
0 0.53828125 0.5703125 0.0046875 0.021875
0 0.53828125 0.5703125 0.0046875 0.021875
0 0.6078125 0.64296875 0.0203125 0.0328125
0 0.6078125 0.64296875 0.0203125 0.0328125
0 0.45703125 0.66328125 0.0109375 0.025
0 0.45703125 0.66328125 0.0109375 0.025
0 0.371875 0.659375 0.04375 0.0484375
0 0.371875 0.659375 0.04375 0.0484375
0 0.346875 0.65859375 0.009375 0.028125