0 0.25859375 0.38046875 0.015625 0.0515625
0 0.25859375 0.38046875 0.015625 0.0515625
0 0.371875 0.41015625 0.028125 0.046875
0 0.371875 0.41015625 0.028125 0.046875
0 0.728125 0.375 0.0078125 0.025
0 0.728125 0.375 0.0078125 0.025
0 0.68671875 0.50859375 0.009375 0.0296875
0 0.68671875 0.50859375 0.009375 0.0296875
0 0.6796875 0.521875 0.0109375 0.034375
0 0.6796875 0.521875 0.0109375 0.034375
0 0.65703125 0.5203125 0.021875 0.0171875
0 0.65703125 0.5203125 0.021875 0.0171875
0 0.64140625 0.53359375 0.0109375 0.034375
0 0.64140625 0.53359375 0.0109375 0.034375
0 0.63125 0.53125 0.009375 0.028125
0 0.63125 0.53125 0.009375 0.028125
0 0.37578125 0.534375 0.0125 0.0390625
0 0.37578125 0.534375 0.0125 0.0390625
0 0.36484375 0.5375 0.0109375 0.0328125
0 0.36484375 0.5375 0.0109375 0.0328125
0 0.31796875 0.515625 0.0109375 0.0328125
0 0.31796875 0.515625 0.0109375 0.0328125
0 0.309375 0.51484375 0.0125 0.0265625