0 0.2765625 0.48046875 0.0296875 0.0671875
0 0.2765625 0.48046875 0.0296875 0.0671875
0 0.303125 0.515625 0.0171875 0.0359375
0 0.303125 0.515625 0.0171875 0.0359375
0 0.67890625 0.5390625 0.034375 0.075
0 0.67890625 0.5390625 0.034375 0.075
0 0.74765625 0.44765625 0.03125 0.0421875
0 0.74765625 0.44765625 0.03125 0.0421875
0 0.6859375 0.60390625 0.0328125 0.0484375
0 0.6859375 0.60390625 0.0328125 0.0484375
0 0.596875 0.6421875 0.0265625 0.028125
0 0.596875 0.6421875 0.0265625 0.028125
0 0.28359375 0.58671875 0.0234375 0.0578125