0 0.33046875 0.4625 0.0328125 0.06875
0 0.33046875 0.4625 0.0328125 0.06875
0 0.3640625 0.49453125 0.0296875 0.059375
0 0.3640625 0.49453125 0.0296875 0.059375
0 0.396875 0.5046875 0.0203125 0.0546875
0 0.396875 0.5046875 0.0203125 0.0546875
0 0.671875 0.59921875 0.0078125 0.021875
0 0.671875 0.59921875 0.0078125 0.021875
0 0.61875 0.6296875 0.009375 0.03125
0 0.61875 0.6296875 0.009375 0.03125
0 0.58515625 0.61015625 0.0078125 0.0515625
0 0.58515625 0.61015625 0.0078125 0.0515625
0 0.38203125 0.60625 0.009375 0.0484375
0 0.38203125 0.60625 0.009375 0.0484375
0 0.42109375 0.5140625 0.0078125 0.0375