0 0.28359375 0.61875 0.01875 0.0234375
0 0.28359375 0.61875 0.01875 0.0234375
0 0.31953125 0.63828125 0.0234375 0.0515625
0 0.31953125 0.63828125 0.0234375 0.0515625
0 0.30625 0.64296875 0.0140625 0.034375
0 0.30625 0.64296875 0.0140625 0.034375
0 0.615625 0.66015625 0.0109375 0.025
0 0.615625 0.66015625 0.0109375 0.025
0 0.65546875 0.646875 0.0265625 0.06875
0 0.65546875 0.646875 0.0265625 0.06875
0 0.66875 0.64296875 0.0171875 0.0421875
0 0.66875 0.64296875 0.0171875 0.0421875
0 0.7421875 0.58125 0.01875 0.0171875
0 0.7421875 0.58125 0.01875 0.0171875
0 0.659375 0.55234375 0.0140625 0.025
0 0.659375 0.55234375 0.0140625 0.025
0 0.68125 0.52421875 0.0109375 0.0328125