0 0.20546875 0.3796875 0.01875 0.0484375
0 0.20546875 0.3796875 0.01875 0.0484375
0 0.22109375 0.415625 0.0171875 0.040625
0 0.22109375 0.415625 0.0171875 0.040625
0 0.2421875 0.4203125 0.0203125 0.053125
0 0.2421875 0.4203125 0.0203125 0.053125
0 0.2734375 0.446875 0.0125 0.0546875
0 0.2734375 0.446875 0.0125 0.0546875
0 0.29375 0.471875 0.0171875 0.0296875
0 0.29375 0.471875 0.0171875 0.0296875
0 0.20859375 0.54453125 0.0171875 0.03125
0 0.20859375 0.54453125 0.0171875 0.03125
0 0.29765625 0.6015625 0.021875 0.0578125
0 0.29765625 0.6015625 0.021875 0.0578125
0 0.471875 0.42578125 0.015625 0.06875
0 0.471875 0.42578125 0.015625 0.06875
0 0.76171875 0.43203125 0.025 0.06875
0 0.76171875 0.43203125 0.025 0.06875
0 0.79453125 0.41484375 0.034375 0.075
0 0.79453125 0.41484375 0.034375 0.075
0 0.784375 0.5484375 0.025 0.05
0 0.784375 0.5484375 0.025 0.05
0 0.72421875 0.578125 0.0109375 0.0328125
0 0.72421875 0.578125 0.0109375 0.0328125
0 0.7140625 0.57734375 0.0078125 0.040625
0 0.7140625 0.57734375 0.0078125 0.040625
0 0.65859375 0.6 0.009375 0.0421875