0 0.2 0.72734375 0.0203125 0.0625
0 0.2 0.72734375 0.0203125 0.0625
0 0.22109375 0.7484375 0.025 0.0828125
0 0.22109375 0.7484375 0.025 0.0828125
0 0.25390625 0.7421875 0.0171875 0.0515625
0 0.25390625 0.7421875 0.0171875 0.0515625
0 0.27421875 0.740625 0.0125 0.040625
0 0.27421875 0.740625 0.0125 0.040625
0 0.67265625 0.70390625 0.0203125 0.0375
0 0.67265625 0.70390625 0.0203125 0.0375
0 0.72890625 0.7265625 0.0109375 0.015625
0 0.72890625 0.7265625 0.0109375 0.015625
0 0.7421875 0.73828125 0.0109375 0.0421875
0 0.7421875 0.73828125 0.0109375 0.0421875
0 0.6625 0.8765625 0.0109375 0.028125
0 0.6625 0.8765625 0.0109375 0.028125
0 0.57890625 0.903125 0.0171875 0.0453125
0 0.57890625 0.903125 0.0171875 0.0453125
0 0.378125 0.90546875 0.015625 0.059375
0 0.378125 0.90546875 0.015625 0.059375