0 0.403125 0.59453125 0.009375 0.0453125
0 0.403125 0.59453125 0.009375 0.0453125
0 0.3578125 0.44453125 0.0296875 0.059375
0 0.3578125 0.44453125 0.0296875 0.059375
0 0.46171875 0.46875 0.0109375 0.0578125
0 0.46171875 0.46875 0.0109375 0.0578125
0 0.56171875 0.43046875 0.0109375 0.059375
0 0.56171875 0.43046875 0.0109375 0.059375
0 0.70390625 0.38671875 0.025 0.078125
0 0.70390625 0.38671875 0.025 0.078125
0 0.7296875 0.47578125 0.0359375 0.075
0 0.7296875 0.47578125 0.0359375 0.075
0 0.68125 0.5359375 0.0515625 0.0796875
0 0.68125 0.5359375 0.0515625 0.0796875
0 0.6109375 0.546875 0.00625 0.0359375