0 0.36484375 0.546875 0.00625 0.00625
0 0.36484375 0.546875 0.00625 0.00625
0 0.38359375 0.55078125 0.009375 0.0078125
0 0.38359375 0.55078125 0.009375 0.0078125
0 0.371875 0.615625 0.0140625 0.01875
0 0.371875 0.615625 0.0140625 0.01875
0 0.43515625 0.55625 0.0140625 0.0203125
0 0.43515625 0.55625 0.0140625 0.0203125
0 0.634375 0.56015625 0.0234375 0.028125
0 0.634375 0.56015625 0.0234375 0.028125
0 0.65078125 0.55234375 0.0140625 0.025
0 0.65078125 0.55234375 0.0140625 0.025
0 0.67265625 0.5515625 0.025 0.0171875
0 0.67265625 0.5515625 0.025 0.0171875
0 0.66484375 0.621875 0.0296875 0.009375
0 0.66484375 0.621875 0.0296875 0.009375
0 0.61796875 0.6296875 0.01875 0.0125