0 0.30234375 0.46171875 0.01875 0.04375
0 0.30234375 0.46171875 0.01875 0.04375
0 0.31484375 0.465625 0.01875 0.053125
0 0.31484375 0.465625 0.01875 0.053125
0 0.4171875 0.50703125 0.0140625 0.0484375
0 0.4171875 0.50703125 0.0140625 0.0484375
0 0.42734375 0.5140625 0.0140625 0.0453125
0 0.42734375 0.5140625 0.0140625 0.0453125
0 0.61640625 0.54296875 0.0171875 0.0546875
0 0.61640625 0.54296875 0.0171875 0.0546875
0 0.63046875 0.5375 0.009375 0.0234375
0 0.63046875 0.5375 0.009375 0.0234375
0 0.71171875 0.49765625 0.0078125 0.025
0 0.71171875 0.49765625 0.0078125 0.025
0 0.65390625 0.6265625 0.0078125 0.021875
0 0.65390625 0.6265625 0.0078125 0.021875
0 0.609375 0.6453125 0.00625 0.01875
0 0.609375 0.6453125 0.00625 0.01875
0 0.56953125 0.65859375 0.00625 0.0125
0 0.56953125 0.65859375 0.00625 0.0125
0 0.28203125 0.55078125 0.03125 0.0421875