0 0.334375 0.65078125 0.0359375 0.0875
0 0.334375 0.65078125 0.0359375 0.0875
0 0.60859375 0.64609375 0.0125 0.04375
0 0.60859375 0.64609375 0.0125 0.04375
0 0.7359375 0.609375 0.01875 0.071875
0 0.7359375 0.609375 0.01875 0.071875
0 0.72109375 0.60546875 0.0140625 0.0515625
0 0.72109375 0.60546875 0.0140625 0.0515625
0 0.7234375 0.71796875 0.0078125 0.0234375
0 0.7234375 0.71796875 0.0078125 0.0234375
0 0.68203125 0.7328125 0.0046875 0.0140625
0 0.68203125 0.7328125 0.0046875 0.0140625
0 0.32734375 0.7609375 0.01875 0.053125