0 0.39140625 0.50546875 0.015625 0.04375
0 0.39140625 0.50546875 0.015625 0.04375
0 0.40546875 0.515625 0.028125 0.0828125
0 0.40546875 0.515625 0.028125 0.0828125
0 0.5359375 0.55078125 0.0078125 0.03125
0 0.5359375 0.55078125 0.0078125 0.03125
0 0.6953125 0.50703125 0.0140625 0.04375
0 0.6953125 0.50703125 0.0140625 0.04375
0 0.72578125 0.4890625 0.0125 0.0609375
0 0.72578125 0.4890625 0.0125 0.0609375
0 0.68359375 0.509375 0.0046875 0.0265625
0 0.68359375 0.509375 0.0046875 0.0265625
0 0.759375 0.625 0.0125 0.05
0 0.759375 0.625 0.0125 0.05
0 0.746875 0.625 0.00625 0.034375
0 0.746875 0.625 0.00625 0.034375
0 0.70546875 0.64921875 0.0078125 0.0359375
0 0.70546875 0.64921875 0.0078125 0.0359375
0 0.69453125 0.64921875 0.0109375 0.05
0 0.69453125 0.64921875 0.0109375 0.05
0 0.63828125 0.64921875 0.0140625 0.040625
0 0.63828125 0.64921875 0.0140625 0.040625
0 0.60625 0.65546875 0.0078125 0.0265625
0 0.60625 0.65546875 0.0078125 0.0265625
0 0.40390625 0.66171875 0.0078125 0.03125
0 0.40390625 0.66171875 0.0078125 0.03125
0 0.35859375 0.64765625 0.0109375 0.0546875
0 0.35859375 0.64765625 0.0109375 0.0546875