0 0.284375 0.57265625 0.04375 0.0390625
0 0.284375 0.57265625 0.04375 0.0390625
0 0.3046875 0.57421875 0.0125 0.0171875
0 0.3046875 0.57421875 0.0125 0.0171875
0 0.34921875 0.5984375 0.028125 0.0359375
0 0.34921875 0.5984375 0.028125 0.0359375
0 0.38203125 0.60703125 0.009375 0.0171875
0 0.38203125 0.60703125 0.009375 0.0171875
0 0.403125 0.61015625 0.0046875 0.0140625
0 0.403125 0.61015625 0.0046875 0.0140625
0 0.2765625 0.60703125 0.040625 0.040625
0 0.2765625 0.60703125 0.040625 0.040625
0 0.32109375 0.63359375 0.0484375 0.0390625
0 0.32109375 0.63359375 0.0484375 0.0390625
0 0.3421875 0.64765625 0.009375 0.0234375
0 0.3421875 0.64765625 0.009375 0.0234375
0 0.38203125 0.6640625 0.0109375 0.01875
0 0.38203125 0.6640625 0.0109375 0.01875
0 0.390625 0.66171875 0.0109375 0.01875
0 0.390625 0.66171875 0.0109375 0.01875
0 0.48046875 0.62265625 0.0078125 0.0203125
0 0.48046875 0.62265625 0.0078125 0.0203125
0 0.48515625 0.621875 0.0078125 0.015625
0 0.48515625 0.621875 0.0078125 0.015625
0 0.5109375 0.6265625 0.00625 0.0203125
0 0.5109375 0.6265625 0.00625 0.0203125
0 0.51875 0.625 0.0078125 0.01875
0 0.51875 0.625 0.0078125 0.01875
0 0.54375 0.61875 0.0046875 0.0171875
0 0.54375 0.61875 0.0046875 0.0171875
0 0.55 0.61875 0.0078125 0.0203125
0 0.55 0.61875 0.0078125 0.0203125
0 0.5671875 0.6171875 0.003125 0.015625
0 0.5671875 0.6171875 0.003125 0.015625
0 0.6125 0.62265625 0.021875 0.0390625
0 0.6125 0.62265625 0.021875 0.0390625
0 0.64140625 0.61171875 0.01875 0.03125
0 0.64140625 0.61171875 0.01875 0.03125
0 0.68515625 0.5921875 0.00625 0.0140625
0 0.68515625 0.5921875 0.00625 0.0140625
0 0.69296875 0.59375 0.00625 0.0171875
0 0.69296875 0.59375 0.00625 0.0171875
0 0.72578125 0.58203125 0.0078125 0.0078125
0 0.72578125 0.58203125 0.0078125 0.0078125
0 0.71953125 0.63984375 0.0234375 0.0234375
0 0.71953125 0.63984375 0.0234375 0.0234375
0 0.67890625 0.66328125 0.0078125 0.01875
0 0.67890625 0.66328125 0.0078125 0.01875
0 0.64921875 0.66484375 0.01875 0.021875
0 0.64921875 0.66484375 0.01875 0.021875
0 0.63359375 0.6703125 0.00625 0.015625