0 0.659375 0.55625 0.0078125 0.0171875
0 0.659375 0.55625 0.0078125 0.0171875
0 0.653125 0.55859375 0.00625 0.0203125
0 0.653125 0.55859375 0.00625 0.0203125
0 0.68359375 0.65390625 0.0078125 0.0234375
0 0.68359375 0.65390625 0.0078125 0.0234375
0 0.6734375 0.6546875 0.0109375 0.025
0 0.6734375 0.6546875 0.0109375 0.025
0 0.6390625 0.6609375 0.0296875 0.059375
0 0.6390625 0.6609375 0.0296875 0.059375
0 0.35625 0.6625 0.0109375 0.015625
0 0.35625 0.6625 0.0109375 0.015625
0 0.29921875 0.54609375 0.01875 0.021875