0 0.35859375 0.55859375 0.0125 0.0375
0 0.35859375 0.55859375 0.0125 0.0375
0 0.65703125 0.559375 0.009375 0.0375
0 0.65703125 0.559375 0.009375 0.0375
0 0.665625 0.55703125 0.009375 0.0328125
0 0.665625 0.55703125 0.009375 0.0328125
0 0.72265625 0.5359375 0.0140625 0.015625
0 0.72265625 0.5359375 0.0140625 0.015625
0 0.73515625 0.60078125 0.0078125 0.0203125
0 0.73515625 0.60078125 0.0078125 0.0203125
0 0.6515625 0.6625 0.009375 0.034375
0 0.6515625 0.6625 0.009375 0.034375
0 0.6390625 0.6640625 0.009375 0.034375
0 0.6390625 0.6640625 0.009375 0.034375
0 0.60546875 0.66328125 0.0140625 0.0375
0 0.60546875 0.66328125 0.0140625 0.0375
0 0.59375 0.6640625 0.0109375 0.0328125
0 0.59375 0.6640625 0.0109375 0.0328125
0 0.57578125 0.66640625 0.0109375 0.028125
0 0.57578125 0.66640625 0.0109375 0.028125
0 0.56953125 0.665625 0.009375 0.0296875
0 0.56953125 0.665625 0.009375 0.0296875
0 0.38515625 0.65625 0.015625 0.0296875
0 0.38515625 0.65625 0.015625 0.0296875
0 0.2890625 0.6328125 0.009375 0.03125