0 0.4125 0.575 0.021875 0.065625
0 0.4125 0.575 0.021875 0.065625
0 0.4234375 0.6703125 0.0203125 0.0640625
0 0.4234375 0.6703125 0.0203125 0.0640625
0 0.49296875 0.590625 0.0109375 0.046875
0 0.49296875 0.590625 0.0109375 0.046875
0 0.621875 0.546875 0.0171875 0.0609375
0 0.621875 0.546875 0.0171875 0.0609375
0 0.7046875 0.53203125 0.0140625 0.053125
0 0.7046875 0.53203125 0.0140625 0.053125
0 0.725 0.51796875 0.01875 0.034375
0 0.725 0.51796875 0.01875 0.034375
0 0.421875 0.66875 0.0203125 0.0640625
0 0.421875 0.66875 0.0203125 0.0640625