0 0.328125 0.55390625 0.021875 0.0421875
0 0.328125 0.55390625 0.021875 0.0421875
0 0.36171875 0.546875 0.015625 0.05625
0 0.36171875 0.546875 0.015625 0.05625
0 0.37109375 0.55078125 0.0171875 0.0484375
0 0.37109375 0.55078125 0.0171875 0.0484375
0 0.47109375 0.57578125 0.0140625 0.0453125
0 0.47109375 0.57578125 0.0140625 0.0453125
0 0.4875 0.5734375 0.0109375 0.0453125
0 0.4875 0.5734375 0.0109375 0.0453125
0 0.49765625 0.57578125 0.0109375 0.04375
0 0.49765625 0.57578125 0.0109375 0.04375
0 0.51484375 0.575 0.00625 0.0359375
0 0.51484375 0.575 0.00625 0.0359375
0 0.5265625 0.57421875 0.0109375 0.034375
0 0.5265625 0.57421875 0.0109375 0.034375
0 0.60703125 0.55 0.0140625 0.046875
0 0.60703125 0.55 0.0140625 0.046875
0 0.62109375 0.534375 0.0171875 0.0640625
0 0.62109375 0.534375 0.0171875 0.0640625
0 0.6515625 0.553125 0.025 0.0515625
0 0.6515625 0.553125 0.025 0.0515625
0 0.61796875 0.64140625 0.0421875 0.053125
0 0.61796875 0.64140625 0.0421875 0.053125
0 0.584375 0.64453125 0.03125 0.0421875
0 0.584375 0.64453125 0.03125 0.0421875
0 0.54140625 0.66171875 0.00625 0.040625
0 0.54140625 0.66171875 0.00625 0.040625
0 0.4640625 0.671875 0.0046875 0.015625
0 0.4640625 0.671875 0.0046875 0.015625
0 0.44765625 0.678125 0.00625 0.025
0 0.44765625 0.678125 0.00625 0.025
0 0.44296875 0.6765625 0.00625 0.025
0 0.44296875 0.6765625 0.00625 0.025
0 0.4265625 0.6578125 0.0140625 0.0328125
0 0.4265625 0.6578125 0.0140625 0.0328125
0 0.38828125 0.65625 0.015625 0.034375
0 0.38828125 0.65625 0.015625 0.034375
0 0.3765625 0.6515625 0.0171875 0.0328125
0 0.3765625 0.6515625 0.0171875 0.0328125
0 0.34609375 0.64609375 0.0359375 0.04375