0 0.2140625 0.46015625 0.01875 0.025
0 0.2140625 0.46015625 0.01875 0.025
0 0.27109375 0.52265625 0.009375 0.028125
0 0.27109375 0.52265625 0.009375 0.028125
0 0.6484375 0.5515625 0.01875 0.059375
0 0.6484375 0.5515625 0.01875 0.059375
0 0.73515625 0.48984375 0.034375 0.059375
0 0.73515625 0.48984375 0.034375 0.059375
0 0.7046875 0.52734375 0.0078125 0.0203125
0 0.7046875 0.52734375 0.0078125 0.0203125
0 0.709375 0.525 0.0078125 0.0265625
0 0.709375 0.525 0.0078125 0.0265625
0 0.73359375 0.603125 0.0640625 0.0953125
0 0.73359375 0.603125 0.0640625 0.0953125
0 0.69140625 0.64453125 0.046875 0.084375
0 0.69140625 0.64453125 0.046875 0.084375
0 0.65703125 0.62578125 0.0109375 0.0328125
0 0.65703125 0.62578125 0.0109375 0.0328125
0 0.65234375 0.6625 0.0125 0.0234375
0 0.65234375 0.6625 0.0125 0.0234375
0 0.6265625 0.67734375 0.0109375 0.021875
0 0.6265625 0.67734375 0.0109375 0.021875
0 0.61796875 0.68125 0.009375 0.0359375
0 0.61796875 0.68125 0.009375 0.0359375
0 0.3796875 0.68671875 0.0140625 0.0484375
0 0.3796875 0.68671875 0.0140625 0.0484375
0 0.36875 0.6828125 0.0109375 0.040625
0 0.36875 0.6828125 0.0109375 0.040625
0 0.34453125 0.66484375 0.0140625 0.0328125
0 0.34453125 0.66484375 0.0140625 0.0328125