0 0.35859375 0.47109375 0.009375 0.0625
0 0.35859375 0.47109375 0.009375 0.0625
0 0.6265625 0.46875 0.025 0.0578125
0 0.6265625 0.46875 0.025 0.0578125
0 0.64609375 0.4578125 0.0140625 0.05625
0 0.64609375 0.4578125 0.0140625 0.05625
0 0.60234375 0.60625 0.015625 0.009375
0 0.60234375 0.60625 0.015625 0.009375
0 0.6359375 0.5890625 0.00625 0.0203125
0 0.6359375 0.5890625 0.00625 0.0203125
0 0.6296875 0.5921875 0.00625 0.0203125
0 0.6296875 0.5921875 0.00625 0.0203125
0 0.3578125 0.61015625 0.0265625 0.0234375
0 0.3578125 0.61015625 0.0265625 0.0234375