0 0.15078125 0.46640625 0.0234375 0.05
0 0.15078125 0.46640625 0.0234375 0.05
0 0.17265625 0.46484375 0.021875 0.0578125
0 0.17265625 0.46484375 0.021875 0.0578125
0 0.6578125 0.46328125 0.00625 0.015625
0 0.6578125 0.46328125 0.00625 0.015625
0 0.621875 0.6109375 0.021875 0.065625
0 0.621875 0.6109375 0.021875 0.065625
0 0.57734375 0.60859375 0.0546875 0.071875
0 0.57734375 0.60859375 0.0546875 0.071875
0 0.5109375 0.62890625 0.0140625 0.0484375
0 0.5109375 0.62890625 0.0140625 0.0484375
0 0.1328125 0.5609375 0.0125 0.0296875
0 0.1328125 0.5609375 0.0125 0.0296875
0 0.12109375 0.5625 0.0109375 0.0390625
0 0.12109375 0.5625 0.0109375 0.0390625
0 0.084375 0.54375 0.03125 0.0390625