0 0.27734375 0.45390625 0.01875 0.034375
0 0.27734375 0.45390625 0.01875 0.034375
0 0.32421875 0.5125 0.0421875 0.046875
0 0.32421875 0.5125 0.0421875 0.046875
0 0.36015625 0.51953125 0.0265625 0.05625
0 0.36015625 0.51953125 0.0265625 0.05625
0 0.5296875 0.5640625 0.0125 0.0390625
0 0.5296875 0.5640625 0.0125 0.0390625
0 0.57109375 0.5609375 0.0140625 0.0453125
0 0.57109375 0.5609375 0.0140625 0.0453125
0 0.6703125 0.53359375 0.0234375 0.0671875
0 0.6703125 0.53359375 0.0234375 0.0671875
0 0.7171875 0.49765625 0.009375 0.021875
0 0.7171875 0.49765625 0.009375 0.021875
0 0.65703125 0.64140625 0.009375 0.0140625
0 0.65703125 0.64140625 0.009375 0.0140625
0 0.64765625 0.64609375 0.0078125 0.0125
0 0.64765625 0.64609375 0.0078125 0.0125