0 0.30390625 0.53515625 0.0109375 0.0328125
0 0.30390625 0.53515625 0.0109375 0.0328125
0 0.29453125 0.5296875 0.009375 0.0390625
0 0.29453125 0.5296875 0.009375 0.0390625
0 0.3421875 0.540625 0.0078125 0.0171875
0 0.3421875 0.540625 0.0078125 0.0171875
0 0.65859375 0.6265625 0.0109375 0.0296875
0 0.65859375 0.6265625 0.0109375 0.0296875
0 0.6171875 0.63515625 0.040625 0.0578125
0 0.6171875 0.63515625 0.040625 0.0578125
0 0.403125 0.659375 0.009375 0.021875
0 0.403125 0.659375 0.009375 0.021875
0 0.428125 0.69921875 0.0109375 0.0359375
0 0.428125 0.69921875 0.0109375 0.0359375