0 0.275 0.60546875 0.0125 0.0375
0 0.275 0.60546875 0.0125 0.0375
0 0.38984375 0.6078125 0.0078125 0.0296875
0 0.38984375 0.6078125 0.0078125 0.0296875
0 0.68203125 0.6 0.009375 0.0296875
0 0.68203125 0.6 0.009375 0.0296875
0 0.66171875 0.703125 0.009375 0.028125
0 0.66171875 0.703125 0.009375 0.028125
0 0.6078125 0.69375 0.009375 0.0265625
0 0.6078125 0.69375 0.009375 0.0265625
0 0.3765625 0.709375 0.0234375 0.0703125
0 0.3765625 0.709375 0.0234375 0.0703125
0 0.3453125 0.7109375 0.0203125 0.0609375
0 0.3453125 0.7109375 0.0203125 0.0609375
0 0.328125 0.7015625 0.0171875 0.040625
0 0.328125 0.7015625 0.0171875 0.040625