0 0.22734375 0.47265625 0.009375 0.0328125
0 0.22734375 0.47265625 0.009375 0.0328125
0 0.2625 0.4765625 0.0171875 0.0453125
0 0.2625 0.4765625 0.0171875 0.0453125
0 0.27734375 0.47890625 0.009375 0.040625
0 0.27734375 0.47890625 0.009375 0.040625
0 0.31875 0.49765625 0.0078125 0.028125
0 0.31875 0.49765625 0.0078125 0.028125
0 0.328125 0.49453125 0.0109375 0.0484375
0 0.328125 0.49453125 0.0109375 0.0484375
0 0.39921875 0.4921875 0.0109375 0.0328125
0 0.39921875 0.4921875 0.0109375 0.0328125
0 0.3890625 0.5 0.009375 0.0171875
0 0.3890625 0.5 0.009375 0.0171875
0 0.684375 0.48828125 0.00625 0.0265625
0 0.684375 0.48828125 0.00625 0.0265625
0 0.6921875 0.48828125 0.0046875 0.0234375
0 0.6921875 0.48828125 0.0046875 0.0234375
0 0.6890625 0.6 0.01875 0.0453125
0 0.6890625 0.6 0.01875 0.0453125
0 0.67109375 0.6015625 0.0171875 0.034375
0 0.67109375 0.6015625 0.0171875 0.034375
0 0.56640625 0.6078125 0.0109375 0.0203125
0 0.56640625 0.6078125 0.0109375 0.0203125
0 0.41640625 0.60390625 0.01875 0.0546875
0 0.41640625 0.60390625 0.01875 0.0546875
0 0.3 0.5921875 0.0375 0.0609375
0 0.3 0.5921875 0.0375 0.0609375
0 0.2625 0.5796875 0.00625 0.03125
0 0.2625 0.5796875 0.00625 0.03125