0 0.5859375 0.47421875 0.015625 0.0578125
0 0.5859375 0.47421875 0.015625 0.0578125
0 0.74609375 0.41953125 0.05 0.0671875
0 0.74609375 0.41953125 0.05 0.0671875
0 0.71640625 0.43046875 0.00625 0.028125
0 0.71640625 0.43046875 0.00625 0.028125
0 0.71328125 0.553125 0.0109375 0.01875
0 0.71328125 0.553125 0.0109375 0.01875
0 0.70859375 0.55703125 0.00625 0.028125
0 0.70859375 0.55703125 0.00625 0.028125
0 0.6484375 0.5828125 0.009375 0.0296875
0 0.6484375 0.5828125 0.009375 0.0296875
0 0.60390625 0.58671875 0.009375 0.0359375
0 0.60390625 0.58671875 0.009375 0.0359375
0 0.3390625 0.59921875 0.059375 0.0984375
0 0.3390625 0.59921875 0.059375 0.0984375
0 0.24140625 0.52109375 0.0265625 0.0390625