0 0.24140625 0.47890625 0.0390625 0.0734375
0 0.24140625 0.47890625 0.0390625 0.0734375
0 0.2875 0.496875 0.0375 0.0453125
0 0.2875 0.496875 0.0375 0.0453125
0 0.328125 0.4640625 0.028125 0.0453125
0 0.328125 0.4640625 0.028125 0.0453125
0 0.41953125 0.53671875 0.0296875 0.059375
0 0.41953125 0.53671875 0.0296875 0.059375
0 0.45703125 0.5421875 0.01875 0.0578125
0 0.45703125 0.5421875 0.01875 0.0578125
0 0.5734375 0.484375 0.009375 0.0453125
0 0.5734375 0.484375 0.009375 0.0453125
0 0.603125 0.5234375 0.015625 0.05625
0 0.603125 0.5234375 0.015625 0.05625
0 0.62578125 0.53515625 0.0125 0.0578125
0 0.62578125 0.53515625 0.0125 0.0578125
0 0.615625 0.6609375 0.01875 0.0375
0 0.615625 0.6609375 0.01875 0.0375
0 0.59765625 0.61953125 0.0078125 0.01875
0 0.59765625 0.61953125 0.0078125 0.01875
0 0.5734375 0.62265625 0.0078125 0.0203125
0 0.5734375 0.62265625 0.0078125 0.0203125
0 0.3734375 0.6109375 0.00625 0.0203125
0 0.3734375 0.6109375 0.00625 0.0203125
0 0.36328125 0.615625 0.00625 0.01875
0 0.36328125 0.615625 0.00625 0.01875