0 0.33984375 0.4953125 0.0203125 0.0375
0 0.33984375 0.4953125 0.0203125 0.0375
0 0.35625 0.528125 0.0140625 0.0328125
0 0.35625 0.528125 0.0140625 0.0328125
0 0.3796875 0.54140625 0.0140625 0.0296875
0 0.3796875 0.54140625 0.0140625 0.0296875
0 0.4328125 0.70703125 0.0203125 0.0671875
0 0.4328125 0.70703125 0.0203125 0.0671875
0 0.59921875 0.54140625 0.015625 0.06875
0 0.59921875 0.54140625 0.015625 0.06875
0 0.915625 0.5203125 0.0328125 0.0671875
0 0.915625 0.5203125 0.0328125 0.0671875
0 0.88203125 0.546875 0.021875 0.071875
0 0.88203125 0.546875 0.021875 0.071875
0 0.90625 0.6546875 0.0265625 0.0421875
0 0.90625 0.6546875 0.0265625 0.0421875
0 0.846875 0.69140625 0.009375 0.0203125
0 0.846875 0.69140625 0.009375 0.0203125
0 0.83671875 0.68828125 0.009375 0.0296875
0 0.83671875 0.68828125 0.009375 0.0296875