0 0.2375 0.46953125 0.015625 0.0515625
0 0.2375 0.46953125 0.015625 0.0515625
0 0.21796875 0.47421875 0.0125 0.0203125
0 0.21796875 0.47421875 0.0125 0.0203125
0 0.271875 0.50078125 0.009375 0.025
0 0.271875 0.50078125 0.009375 0.025
0 0.31640625 0.5328125 0.00625 0.0234375
0 0.31640625 0.5328125 0.00625 0.0234375
0 0.3234375 0.534375 0.00625 0.025
0 0.3234375 0.534375 0.00625 0.025
0 0.66953125 0.6203125 0.0125 0.0203125
0 0.66953125 0.6203125 0.0125 0.0203125
0 0.65859375 0.62421875 0.009375 0.0203125
0 0.65859375 0.62421875 0.009375 0.0203125
0 0.634375 0.63203125 0.01875 0.0140625
0 0.634375 0.63203125 0.01875 0.0140625
0 0.31328125 0.63828125 0.046875 0.046875
0 0.31328125 0.63828125 0.046875 0.046875
0 0.28671875 0.61328125 0.0125 0.0265625