0 0.2390625 0.49453125 0.04375 0.0578125
0 0.2390625 0.49453125 0.04375 0.0578125
0 0.265625 0.51015625 0.0109375 0.025
0 0.265625 0.51015625 0.0109375 0.025
0 0.35234375 0.565625 0.009375 0.0328125
0 0.35234375 0.565625 0.009375 0.0328125
0 0.35859375 0.565625 0.009375 0.0359375
0 0.35859375 0.565625 0.009375 0.0359375
0 0.59765625 0.57578125 0.0203125 0.0625
0 0.59765625 0.57578125 0.0203125 0.0625
0 0.64140625 0.584375 0.0140625 0.034375
0 0.64140625 0.584375 0.0140625 0.034375
0 0.628125 0.69375 0.0109375 0.0171875
0 0.628125 0.69375 0.0109375 0.0171875
0 0.61875 0.68984375 0.0140625 0.0390625
0 0.61875 0.68984375 0.0140625 0.0390625
0 0.56171875 0.7015625 0.0046875 0.0359375
0 0.56171875 0.7015625 0.0046875 0.0359375
0 0.3328125 0.6859375 0.025 0.059375
0 0.3328125 0.6859375 0.025 0.059375