0 0.3859375 0.55078125 0.0125 0.0421875
0 0.3859375 0.55078125 0.0125 0.0421875
0 0.47265625 0.5671875 0.0109375 0.0390625
0 0.47265625 0.5671875 0.0109375 0.0390625
0 0.49453125 0.56796875 0.01875 0.0546875
0 0.49453125 0.56796875 0.01875 0.0546875
0 0.5484375 0.55390625 0.0078125 0.03125
0 0.5484375 0.55390625 0.0078125 0.03125
0 0.66171875 0.61953125 0.0046875 0.021875
0 0.66171875 0.61953125 0.0046875 0.021875
0 0.71484375 0.60859375 0.0046875 0.0234375
0 0.71484375 0.60859375 0.0046875 0.0234375
0 0.6578125 0.62265625 0.003125 0.01875
0 0.6578125 0.62265625 0.003125 0.01875
0 0.71015625 0.6109375 0.003125 0.015625
0 0.71015625 0.6109375 0.003125 0.015625
0 0.37109375 0.628125 0.0125 0.034375