0 0.22109375 0.49453125 0.0140625 0.025
0 0.22109375 0.49453125 0.0140625 0.025
0 0.265625 0.51953125 0.0171875 0.0203125
0 0.265625 0.51953125 0.0171875 0.0203125
0 0.29765625 0.52109375 0.0125 0.0296875
0 0.29765625 0.52109375 0.0125 0.0296875
0 0.33828125 0.53671875 0.003125 0.0203125
0 0.33828125 0.53671875 0.003125 0.0203125
0 0.609375 0.53671875 0.0046875 0.025
0 0.609375 0.53671875 0.0046875 0.025
0 0.6390625 0.53515625 0.00625 0.028125
0 0.6390625 0.53515625 0.00625 0.028125
0 0.68359375 0.515625 0.015625 0.046875
0 0.68359375 0.515625 0.015625 0.046875
0 0.6828125 0.6203125 0.015625 0.0421875
0 0.6828125 0.6203125 0.015625 0.0421875
0 0.671875 0.63203125 0.0125 0.034375
0 0.671875 0.63203125 0.0125 0.034375
0 0.31484375 0.64140625 0.015625 0.0390625
0 0.31484375 0.64140625 0.015625 0.0390625
0 0.2265625 0.590625 0.0171875 0.0234375