0 0.25078125 0.5609375 0.0078125 0.0265625
0 0.25078125 0.5609375 0.0078125 0.0265625
0 0.3390625 0.5828125 0.0234375 0.071875
0 0.3390625 0.5828125 0.0234375 0.071875
0 0.36171875 0.546875 0.028125 0.0359375
0 0.36171875 0.546875 0.028125 0.0359375
0 0.41328125 0.5625 0.0109375 0.0484375
0 0.41328125 0.5625 0.0109375 0.0484375
0 0.6609375 0.56328125 0.0234375 0.0546875
0 0.6609375 0.56328125 0.0234375 0.0546875
0 0.73203125 0.60390625 0.05 0.09375
0 0.73203125 0.60390625 0.05 0.09375
0 0.4109375 0.69609375 0.028125 0.05625
0 0.4109375 0.69609375 0.028125 0.05625