0 0.334375 0.54921875 0.01875 0.0421875
0 0.334375 0.54921875 0.01875 0.0421875
0 0.32109375 0.5421875 0.0078125 0.034375
0 0.32109375 0.5421875 0.0078125 0.034375
0 0.38203125 0.5640625 0.0171875 0.0421875
0 0.38203125 0.5640625 0.0171875 0.0421875
0 0.64921875 0.5453125 0.0109375 0.034375
0 0.64921875 0.5453125 0.0109375 0.034375
0 0.6984375 0.52265625 0.00625 0.015625
0 0.6984375 0.52265625 0.00625 0.015625
0 0.65703125 0.54765625 0.003125 0.015625
0 0.65703125 0.54765625 0.003125 0.015625
0 0.72734375 0.47734375 0.028125 0.053125
0 0.72734375 0.47734375 0.028125 0.053125
0 0.72578125 0.6046875 0.0453125 0.0765625
0 0.72578125 0.6046875 0.0453125 0.0765625
0 0.690625 0.62265625 0.00625 0.01875
0 0.690625 0.62265625 0.00625 0.01875
0 0.68671875 0.628125 0.00625 0.0140625
0 0.68671875 0.628125 0.00625 0.0140625
0 0.66640625 0.6359375 0.0125 0.0203125
0 0.66640625 0.6359375 0.0125 0.0203125
0 0.6421875 0.65625 0.0140625 0.0234375
0 0.6421875 0.65625 0.0140625 0.0234375
0 0.3890625 0.66875 0.015625 0.04375
0 0.3890625 0.66875 0.015625 0.04375
0 0.35390625 0.67578125 0.0421875 0.05625
0 0.35390625 0.67578125 0.0421875 0.05625
0 0.33359375 0.65859375 0.0109375 0.0265625
0 0.33359375 0.65859375 0.0109375 0.0265625
0 0.55234375 0.56640625 0.009375 0.0203125
0 0.55234375 0.56640625 0.009375 0.0203125