0 0.2703125 0.53359375 0.0078125 0.025
0 0.2703125 0.53359375 0.0078125 0.025
0 0.28046875 0.5421875 0.0109375 0.01875
0 0.28046875 0.5421875 0.0109375 0.01875
0 0.3375 0.56484375 0.021875 0.04375
0 0.3375 0.56484375 0.021875 0.04375
0 0.325 0.55078125 0.0109375 0.034375
0 0.325 0.55078125 0.0109375 0.034375
0 0.690625 0.6703125 0.0171875 0.025
0 0.690625 0.6703125 0.0171875 0.025
0 0.66015625 0.6734375 0.0484375 0.071875
0 0.66015625 0.6734375 0.0484375 0.071875
0 0.61875 0.67734375 0.0140625 0.0359375
0 0.61875 0.67734375 0.0140625 0.0359375
0 0.6296875 0.671875 0.009375 0.034375
0 0.6296875 0.671875 0.009375 0.034375
0 0.30703125 0.6890625 0.0390625 0.084375
0 0.30703125 0.6890625 0.0390625 0.084375