0 0.2609375 0.48671875 0.0109375 0.04375
0 0.2609375 0.48671875 0.0109375 0.04375
0 0.6484375 0.52578125 0.009375 0.03125
0 0.6484375 0.52578125 0.009375 0.03125
0 0.68984375 0.52578125 0.0109375 0.040625
0 0.68984375 0.52578125 0.0109375 0.040625
0 0.7296875 0.49921875 0.015625 0.0421875
0 0.7296875 0.49921875 0.015625 0.0421875
0 0.74453125 0.50390625 0.015625 0.0375
0 0.74453125 0.50390625 0.015625 0.0375
0 0.665625 0.621875 0.0078125 0.0234375
0 0.665625 0.621875 0.0078125 0.0234375
0 0.66015625 0.62265625 0.0046875 0.021875
0 0.66015625 0.62265625 0.0046875 0.021875
0 0.36640625 0.6484375 0.0359375 0.046875
0 0.36640625 0.6484375 0.0359375 0.046875