0 0.484375 0.63046875 0.0078125 0.0359375
0 0.484375 0.63046875 0.0078125 0.0359375
0 0.50390625 0.63828125 0.0125 0.0421875
0 0.50390625 0.63828125 0.0125 0.0421875
0 0.515625 0.6421875 0.0109375 0.0453125
0 0.515625 0.6421875 0.0109375 0.0453125
0 0.57734375 0.6421875 0.0140625 0.046875
0 0.57734375 0.6421875 0.0140625 0.046875
0 0.8 0.509375 0.021875 0.0234375
0 0.8 0.509375 0.021875 0.0234375
0 0.7625 0.64765625 0.0109375 0.01875
0 0.7625 0.64765625 0.0109375 0.01875
0 0.75078125 0.66015625 0.0140625 0.0359375
0 0.75078125 0.66015625 0.0140625 0.0359375
0 0.69453125 0.6875 0.0078125 0.025
0 0.69453125 0.6875 0.0078125 0.025