0 0.19140625 0.5265625 0.021875 0.04375
0 0.19140625 0.5265625 0.021875 0.04375
0 0.22421875 0.540625 0.009375 0.0234375
0 0.22421875 0.540625 0.009375 0.0234375
0 0.28515625 0.55390625 0.0171875 0.034375
0 0.28515625 0.55390625 0.0171875 0.034375
0 0.3140625 0.56640625 0.0265625 0.05625
0 0.3140625 0.56640625 0.0265625 0.05625
0 0.35859375 0.57578125 0.0109375 0.028125
0 0.35859375 0.57578125 0.0109375 0.028125
0 0.38359375 0.55078125 0.0109375 0.034375
0 0.38359375 0.55078125 0.0109375 0.034375
0 0.6625 0.5765625 0.0390625 0.0609375
0 0.6625 0.5765625 0.0390625 0.0609375
0 0.69765625 0.546875 0.0078125 0.028125
0 0.69765625 0.546875 0.0078125 0.028125
0 0.74765625 0.56015625 0.0140625 0.0265625
0 0.74765625 0.56015625 0.0140625 0.0265625
0 0.76875 0.5625 0.0328125 0.0546875
0 0.76875 0.5625 0.0328125 0.0546875
0 0.7390625 0.5640625 0.0078125 0.028125
0 0.7390625 0.5640625 0.0078125 0.028125
0 0.721875 0.64375 0.0078125 0.0265625
0 0.721875 0.64375 0.0078125 0.0265625
0 0.74609375 0.63125 0.0078125 0.01875
0 0.74609375 0.63125 0.0078125 0.01875
0 0.690625 0.6546875 0.04375 0.053125
0 0.690625 0.6546875 0.04375 0.053125
0 0.71328125 0.64609375 0.0078125 0.0140625
0 0.71328125 0.64609375 0.0078125 0.0140625
0 0.61171875 0.6796875 0.0171875 0.05
0 0.61171875 0.6796875 0.0171875 0.05
0 0.59765625 0.66484375 0.0109375 0.025
0 0.59765625 0.66484375 0.0109375 0.025
0 0.33203125 0.6484375 0.0109375 0.0203125
0 0.33203125 0.6484375 0.0109375 0.0203125
0 0.290625 0.6375 0.0109375 0.0296875
0 0.290625 0.6375 0.0109375 0.0296875
0 0.2796875 0.6296875 0.009375 0.025
0 0.2796875 0.6296875 0.009375 0.025
0 0.25703125 0.62578125 0.021875 0.021875
0 0.25703125 0.62578125 0.021875 0.021875
0 0.2328125 0.61953125 0.009375 0.0328125
0 0.2328125 0.61953125 0.009375 0.0328125
0 0.2125 0.60546875 0.0375 0.053125