0 0.2328125 0.50625 0.0109375 0.028125
0 0.2328125 0.50625 0.0109375 0.028125
0 0.27734375 0.521875 0.00625 0.0171875
0 0.27734375 0.521875 0.00625 0.0171875
0 0.3171875 0.53203125 0.0078125 0.0234375
0 0.3171875 0.53203125 0.0078125 0.0234375
0 0.32578125 0.534375 0.0125 0.0296875
0 0.32578125 0.534375 0.0125 0.0296875
0 0.35625 0.5390625 0.0109375 0.0265625
0 0.35625 0.5390625 0.0109375 0.0265625
0 0.346875 0.54296875 0.00625 0.015625
0 0.346875 0.54296875 0.00625 0.015625
0 0.4390625 0.54609375 0.0046875 0.025
0 0.4390625 0.54609375 0.0046875 0.025
0 0.5203125 0.5421875 0.0046875 0.0265625
0 0.5203125 0.5421875 0.0046875 0.0265625
0 0.60703125 0.5390625 0.0109375 0.028125
0 0.60703125 0.5390625 0.0109375 0.028125
0 0.61484375 0.5375 0.0078125 0.0203125
0 0.61484375 0.5375 0.0078125 0.0203125
0 0.63984375 0.53359375 0.00625 0.0234375
0 0.63984375 0.53359375 0.00625 0.0234375
0 0.646875 0.5328125 0.009375 0.01875
0 0.646875 0.5328125 0.009375 0.01875
0 0.72265625 0.503125 0.0140625 0.0328125
0 0.72265625 0.503125 0.0140625 0.0328125
0 0.715625 0.58125 0.00625 0.01875
0 0.715625 0.58125 0.00625 0.01875
0 0.72265625 0.57890625 0.0078125 0.021875
0 0.72265625 0.57890625 0.0078125 0.021875
0 0.64453125 0.60234375 0.0109375 0.009375
0 0.64453125 0.60234375 0.0109375 0.009375
0 0.28828125 0.6015625 0.009375 0.028125
0 0.28828125 0.6015625 0.009375 0.028125
0 0.30390625 0.60703125 0.01875 0.04375
0 0.30390625 0.60703125 0.01875 0.04375
0 0.38203125 0.6171875 0.009375 0.0296875