0 0.3609375 0.52890625 0.01875 0.0546875
0 0.3609375 0.52890625 0.01875 0.0546875
0 0.44609375 0.59453125 0.0140625 0.0453125
0 0.44609375 0.59453125 0.0140625 0.0453125
0 0.4671875 0.60859375 0.0078125 0.03125
0 0.4671875 0.60859375 0.0078125 0.03125
0 0.50859375 0.6203125 0.00625 0.0390625
0 0.50859375 0.6203125 0.00625 0.0390625
0 0.75 0.475 0.025 0.05
0 0.75 0.475 0.025 0.05
0 0.6515625 0.66796875 0.021875 0.0390625
0 0.6515625 0.66796875 0.021875 0.0390625
0 0.63671875 0.678125 0.015625 0.0546875
0 0.63671875 0.678125 0.015625 0.0546875
0 0.25390625 0.59765625 0.009375 0.0203125