0 0.19375 0.5765625 0.01875 0.040625
0 0.19375 0.5765625 0.01875 0.040625
0 0.2296875 0.6125 0.015625 0.040625
0 0.2296875 0.6125 0.015625 0.040625
0 0.32734375 0.6359375 0.0203125 0.046875
0 0.32734375 0.6359375 0.0203125 0.046875
0 0.28515625 0.63984375 0.0109375 0.0296875
0 0.28515625 0.63984375 0.0109375 0.0296875
0 0.27109375 0.53203125 0.009375 0.021875
0 0.27109375 0.53203125 0.009375 0.021875
0 0.6234375 0.53125 0.0234375 0.021875
0 0.6234375 0.53125 0.0234375 0.021875
0 0.59296875 0.6546875 0.0140625 0.0234375
0 0.59296875 0.6546875 0.0140625 0.0234375