0 0.2921875 0.53046875 0.0171875 0.0515625
0 0.2921875 0.53046875 0.0171875 0.0515625
0 0.28203125 0.51640625 0.009375 0.0390625
0 0.28203125 0.51640625 0.009375 0.0390625
0 0.6328125 0.58203125 0.009375 0.034375
0 0.6328125 0.58203125 0.009375 0.034375
0 0.640625 0.57734375 0.0109375 0.0328125
0 0.640625 0.57734375 0.0109375 0.0328125
0 0.684375 0.553125 0.0109375 0.034375
0 0.684375 0.553125 0.0109375 0.034375
0 0.69296875 0.55234375 0.009375 0.028125
0 0.69296875 0.55234375 0.009375 0.028125
0 0.67890625 0.628125 0.0078125 0.01875
0 0.67890625 0.628125 0.0078125 0.01875
0 0.62421875 0.646875 0.009375 0.0234375
0 0.62421875 0.646875 0.009375 0.0234375
0 0.35546875 0.6328125 0.015625 0.0296875
0 0.35546875 0.6328125 0.015625 0.0296875
0 0.303125 0.61171875 0.009375 0.0265625
0 0.303125 0.61171875 0.009375 0.0265625
0 0.296875 0.60703125 0.0078125 0.021875