0 0.1203125 0.49921875 0.0203125 0.05625
0 0.1203125 0.49921875 0.0203125 0.05625
0 0.13046875 0.503125 0.009375 0.028125
0 0.13046875 0.503125 0.009375 0.028125
0 0.45 0.5546875 0.0078125 0.034375
0 0.45 0.5546875 0.0078125 0.034375
0 0.4671875 0.63046875 0.0046875 0.0296875
0 0.4671875 0.63046875 0.0046875 0.0296875
0 0.45859375 0.628125 0.0078125 0.0328125
0 0.45859375 0.628125 0.0078125 0.0328125
0 0.2765625 0.63828125 0.0296875 0.0609375
0 0.2765625 0.63828125 0.0296875 0.0609375
0 0.1890625 0.6375 0.05 0.0640625
0 0.1890625 0.6375 0.05 0.0640625