0 0.6859375 0.63046875 0.00625 0.0171875
0 0.6859375 0.63046875 0.00625 0.0171875
0 0.68046875 0.63046875 0.00625 0.0203125
0 0.68046875 0.63046875 0.00625 0.0203125
0 0.37578125 0.67890625 0.0203125 0.053125
0 0.37578125 0.67890625 0.0203125 0.053125
0 0.3609375 0.67265625 0.0109375 0.0265625
0 0.3609375 0.67265625 0.0109375 0.0265625
0 0.31796875 0.65703125 0.0125 0.0234375
0 0.31796875 0.65703125 0.0125 0.0234375
0 0.30859375 0.6578125 0.0109375 0.025
0 0.30859375 0.6578125 0.0109375 0.025
0 0.28984375 0.54453125 0.0140625 0.046875
0 0.28984375 0.54453125 0.0140625 0.046875
0 0.6359375 0.5578125 0.0140625 0.04375
0 0.6359375 0.5578125 0.0140625 0.04375
0 0.6859375 0.5328125 0.0109375 0.0265625
0 0.6859375 0.5328125 0.0109375 0.0265625
0 0.69609375 0.52890625 0.0109375 0.0296875