0 0.209375 0.51484375 0.009375 0.025
0 0.209375 0.51484375 0.009375 0.025
0 0.21640625 0.51953125 0.0140625 0.0234375
0 0.21640625 0.51953125 0.0140625 0.0234375
0 0.2625 0.55 0.009375 0.0265625
0 0.2625 0.55 0.009375 0.0265625
0 0.75078125 0.615625 0.0375 0.071875
0 0.75078125 0.615625 0.0375 0.071875
0 0.7265625 0.63515625 0.0078125 0.0234375
0 0.7265625 0.63515625 0.0078125 0.0234375
0 0.678125 0.6546875 0.009375 0.0265625
0 0.678125 0.6546875 0.009375 0.0265625
0 0.67109375 0.66328125 0.0078125 0.021875
0 0.67109375 0.66328125 0.0078125 0.021875
0 0.62578125 0.6796875 0.0125 0.03125
0 0.62578125 0.6796875 0.0125 0.03125
0 0.35703125 0.6890625 0.009375 0.028125
0 0.35703125 0.6890625 0.009375 0.028125
0 0.35078125 0.68984375 0.009375 0.025
0 0.35078125 0.68984375 0.009375 0.025
0 0.2125 0.62109375 0.0078125 0.0234375
0 0.2125 0.62109375 0.0078125 0.0234375
0 0.20703125 0.61796875 0.0078125 0.021875
0 0.20703125 0.61796875 0.0078125 0.021875
0 0.18046875 0.6109375 0.0203125 0.021875