0 0.3078125 0.54296875 0.0171875 0.0515625
0 0.3078125 0.54296875 0.0171875 0.0515625
0 0.321875 0.5359375 0.009375 0.0375
0 0.321875 0.5359375 0.009375 0.0375
0 0.34609375 0.54296875 0.009375 0.0265625
0 0.34609375 0.54296875 0.009375 0.0265625
0 0.25859375 0.51953125 0.0078125 0.0234375
0 0.25859375 0.51953125 0.0078125 0.0234375
0 0.32109375 0.53671875 0.0125 0.0328125
0 0.32109375 0.53671875 0.0125 0.0328125
0 0.3546875 0.54921875 0.0125 0.03125
0 0.3546875 0.54921875 0.0125 0.03125
0 0.375 0.54921875 0.0234375 0.0375
0 0.375 0.54921875 0.0234375 0.0375
0 0.39609375 0.55 0.009375 0.03125
0 0.39609375 0.55 0.009375 0.03125
0 0.53671875 0.5765625 0.0078125 0.046875
0 0.53671875 0.5765625 0.0078125 0.046875
0 0.65703125 0.54609375 0.0078125 0.03125
0 0.65703125 0.54609375 0.0078125 0.03125
0 0.6953125 0.53984375 0.009375 0.034375
0 0.6953125 0.53984375 0.009375 0.034375
0 0.703125 0.5375 0.0109375 0.0296875
0 0.703125 0.5375 0.0109375 0.0296875
0 0.67578125 0.65234375 0.0078125 0.0328125
0 0.67578125 0.65234375 0.0078125 0.0328125
0 0.6671875 0.653125 0.0078125 0.0234375
0 0.6671875 0.653125 0.0078125 0.0234375
0 0.2875 0.63828125 0.0125 0.0359375
0 0.2875 0.63828125 0.0125 0.0359375
0 0.27421875 0.6390625 0.015625 0.034375