0 0.33203125 0.58203125 0.0078125 0.028125
0 0.33203125 0.58203125 0.0078125 0.028125
0 0.69140625 0.5578125 0.0078125 0.0234375
0 0.69140625 0.5578125 0.0078125 0.0234375
0 0.72734375 0.49140625 0.0078125 0.034375
0 0.72734375 0.49140625 0.0078125 0.034375
0 0.76484375 0.56796875 0.034375 0.0609375
0 0.76484375 0.56796875 0.034375 0.0609375
0 0.64609375 0.65546875 0.0125 0.0265625
0 0.64609375 0.65546875 0.0125 0.0265625
0 0.61953125 0.665625 0.0078125 0.0234375
0 0.61953125 0.665625 0.0078125 0.0234375
0 0.615625 0.67109375 0.0046875 0.021875
0 0.615625 0.67109375 0.0046875 0.021875
0 0.37734375 0.6859375 0.0328125 0.0671875
0 0.37734375 0.6859375 0.0328125 0.0671875
0 0.334375 0.6625 0.0078125 0.0296875
0 0.334375 0.6625 0.0078125 0.0296875