0 0.50078125 0.48828125 0.0125 0.0421875
0 0.50078125 0.48828125 0.0125 0.0421875
0 0.5953125 0.44375 0.03125 0.078125
0 0.5953125 0.44375 0.03125 0.078125
0 0.671875 0.44296875 0.009375 0.0390625
0 0.671875 0.44296875 0.009375 0.0390625
0 0.70234375 0.43671875 0.009375 0.05
0 0.70234375 0.43671875 0.009375 0.05
0 0.71640625 0.428125 0.0109375 0.0265625
0 0.71640625 0.428125 0.0109375 0.0265625
0 0.7390625 0.5046875 0.0375 0.0609375
0 0.7390625 0.5046875 0.0375 0.0609375
0 0.64296875 0.54140625 0.0234375 0.034375
0 0.64296875 0.54140625 0.0234375 0.034375
0 0.3171875 0.5734375 0.0109375 0.03125
0 0.3171875 0.5734375 0.0109375 0.03125
0 0.26328125 0.521875 0.015625 0.034375