0 0.24921875 0.4921875 0.009375 0.025
0 0.24921875 0.4921875 0.009375 0.025
0 0.70546875 0.5109375 0.0171875 0.0375
0 0.70546875 0.5109375 0.0171875 0.0375
0 0.715625 0.49765625 0.0234375 0.0484375
0 0.715625 0.49765625 0.0234375 0.0484375
0 0.7171875 0.60546875 0.0109375 0.01875
0 0.7171875 0.60546875 0.0109375 0.01875
0 0.71015625 0.6140625 0.009375 0.0234375
0 0.71015625 0.6140625 0.009375 0.0234375
0 0.584375 0.69296875 0.01875 0.046875
0 0.584375 0.69296875 0.01875 0.046875
0 0.2265625 0.559375 0.0359375 0.0671875