0 0.3 0.578125 0.0125 0.0265625
0 0.3 0.578125 0.0125 0.0265625
0 0.33671875 0.58671875 0.0125 0.01875
0 0.33671875 0.58671875 0.0125 0.01875
0 0.3640625 0.571875 0.00625 0.0375
0 0.3640625 0.571875 0.00625 0.0375
0 0.3234375 0.58203125 0.0078125 0.0375
0 0.3234375 0.58203125 0.0078125 0.0375
0 0.38125 0.57421875 0.01875 0.0625
0 0.38125 0.57421875 0.01875 0.0625
0 0.4078125 0.5703125 0.00625 0.0296875
0 0.4078125 0.5703125 0.00625 0.0296875
0 0.64453125 0.56640625 0.0171875 0.075
0 0.64453125 0.56640625 0.0171875 0.075
0 0.69921875 0.59296875 0.034375 0.028125
0 0.69921875 0.59296875 0.034375 0.028125
0 0.63203125 0.68828125 0.015625 0.05
0 0.63203125 0.68828125 0.015625 0.05
0 0.5734375 0.678125 0.0140625 0.04375
0 0.5734375 0.678125 0.0140625 0.04375
0 0.378125 0.6765625 0.00625 0.0515625
0 0.378125 0.6765625 0.00625 0.0515625