0 0.7171875 0.50078125 0.0125 0.05625
0 0.7171875 0.50078125 0.0125 0.05625
0 0.6875 0.515625 0.0140625 0.0453125
0 0.6875 0.515625 0.0140625 0.0453125
0 0.67578125 0.51484375 0.003125 0.034375
0 0.67578125 0.51484375 0.003125 0.034375
0 0.34765625 0.51015625 0.01875 0.0640625
0 0.34765625 0.51015625 0.01875 0.0640625
0 0.38671875 0.51484375 0.0171875 0.05
0 0.38671875 0.51484375 0.0171875 0.05
0 0.39765625 0.52265625 0.0265625 0.0734375
0 0.39765625 0.52265625 0.0265625 0.0734375
0 0.271875 0.51796875 0.0140625 0.015625
0 0.271875 0.51796875 0.0140625 0.015625
0 0.3171875 0.52265625 0.0140625 0.0125
0 0.3171875 0.52265625 0.0140625 0.0125
0 0.28671875 0.6578125 0.0421875 0.046875
0 0.28671875 0.6578125 0.0421875 0.046875
0 0.353125 0.65234375 0.0078125 0.0453125
0 0.353125 0.65234375 0.0078125 0.0453125
0 0.63125 0.65703125 0.0140625 0.034375
0 0.63125 0.65703125 0.0140625 0.034375
0 0.6 0.665625 0.0078125 0.025
0 0.6 0.665625 0.0078125 0.025
0 0.6875 0.653125 0.0125 0.053125
0 0.6875 0.653125 0.0125 0.053125
0 0.69921875 0.6609375 0.009375 0.040625
0 0.69921875 0.6609375 0.009375 0.040625
0 0.7375 0.62890625 0.0078125 0.025
0 0.7375 0.62890625 0.0078125 0.025
0 0.74921875 0.63515625 0.015625 0.0453125