0 0.49296875 0.63359375 0.0109375 0.03125
0 0.49296875 0.63359375 0.0109375 0.03125
0 0.503125 0.63046875 0.0109375 0.0296875
0 0.503125 0.63046875 0.0109375 0.0296875
0 0.50859375 0.68671875 0.0078125 0.03125
0 0.50859375 0.68671875 0.0078125 0.03125
0 0.528125 0.69140625 0.03125 0.0484375
0 0.528125 0.69140625 0.03125 0.0484375
0 0.71953125 0.69375 0.0296875 0.040625
0 0.71953125 0.69375 0.0296875 0.040625
0 0.7390625 0.63828125 0.01875 0.0375
0 0.7390625 0.63828125 0.01875 0.0375
0 0.7546875 0.63671875 0.015625 0.0453125
0 0.7546875 0.63671875 0.015625 0.0453125
0 0.75390625 0.690625 0.0421875 0.0515625
0 0.75390625 0.690625 0.0421875 0.0515625
0 0.81015625 0.690625 0.0265625 0.0296875