0 0.69140625 0.4625 0.021875 0.0546875
0 0.69140625 0.4625 0.021875 0.0546875
0 0.63359375 0.49296875 0.0078125 0.025
0 0.63359375 0.49296875 0.0078125 0.025
0 0.62734375 0.4890625 0.00625 0.0234375
0 0.62734375 0.4890625 0.00625 0.0234375
0 0.68671875 0.57265625 0.0078125 0.0203125
0 0.68671875 0.57265625 0.0078125 0.0203125
0 0.6765625 0.58125 0.0125 0.040625
0 0.6765625 0.58125 0.0125 0.040625
0 0.6390625 0.58828125 0.015625 0.0421875
0 0.6390625 0.58828125 0.015625 0.0421875
0 0.62734375 0.5859375 0.009375 0.021875
0 0.62734375 0.5859375 0.009375 0.021875
0 0.60390625 0.58828125 0.00625 0.021875
0 0.60390625 0.58828125 0.00625 0.021875
0 0.365625 0.57890625 0.00625 0.021875
0 0.365625 0.57890625 0.00625 0.021875
0 0.33984375 0.57109375 0.0078125 0.0265625
0 0.33984375 0.57109375 0.0078125 0.0265625
0 0.32421875 0.57109375 0.021875 0.0453125
0 0.32421875 0.57109375 0.021875 0.0453125
0 0.29296875 0.56015625 0.0109375 0.0328125
0 0.29296875 0.56015625 0.0109375 0.0328125
0 0.2765625 0.5515625 0.0203125 0.05
0 0.2765625 0.5515625 0.0203125 0.05
0 0.278125 0.46015625 0.0078125 0.025
0 0.278125 0.46015625 0.0078125 0.025
0 0.2859375 0.46171875 0.00625 0.021875
0 0.2859375 0.46171875 0.00625 0.021875
0 0.32421875 0.4765625 0.009375 0.0296875
0 0.32421875 0.4765625 0.009375 0.0296875
0 0.33203125 0.48359375 0.0046875 0.0234375
0 0.33203125 0.48359375 0.0046875 0.0234375