0 0.26015625 0.52734375 0.0140625 0.0421875
0 0.26015625 0.52734375 0.0140625 0.0421875
0 0.35859375 0.55859375 0.015625 0.0734375
0 0.35859375 0.55859375 0.015625 0.0734375
0 0.38125 0.5375 0.0296875 0.0625
0 0.38125 0.5375 0.0296875 0.0625
0 0.4265625 0.55859375 0.0140625 0.065625
0 0.4265625 0.55859375 0.0140625 0.065625
0 0.45625 0.54296875 0.025 0.0609375
0 0.45625 0.54296875 0.025 0.0609375
0 0.4921875 0.53125 0.0328125 0.084375
0 0.4921875 0.53125 0.0328125 0.084375
0 0.52890625 0.55078125 0.0078125 0.0359375
0 0.52890625 0.55078125 0.0078125 0.0359375
0 0.2125 0.6328125 0.0296875 0.0515625
0 0.2125 0.6328125 0.0296875 0.0515625
0 0.240625 0.64453125 0.015625 0.034375
0 0.240625 0.64453125 0.015625 0.034375
0 0.74921875 0.6140625 0.0328125 0.0625