0 0.3046875 0.42109375 0.046875 0.065625
0 0.3046875 0.42109375 0.046875 0.065625
0 0.4171875 0.38984375 0.028125 0.0421875
0 0.4171875 0.38984375 0.028125 0.0421875
0 0.46875 0.41171875 0.0234375 0.0203125
0 0.46875 0.41171875 0.0234375 0.0203125
0 0.5234375 0.37578125 0.021875 0.0421875
0 0.5234375 0.37578125 0.021875 0.0421875
0 0.56015625 0.3609375 0.0109375 0.03125
0 0.56015625 0.3609375 0.0109375 0.03125
0 0.59921875 0.3921875 0.0421875 0.0875
0 0.59921875 0.3921875 0.0421875 0.0875
0 0.6875 0.36796875 0.03125 0.0296875
0 0.6875 0.36796875 0.03125 0.0296875
0 0.67734375 0.5421875 0.0421875 0.06875
0 0.67734375 0.5421875 0.0421875 0.06875
0 0.60703125 0.57578125 0.034375 0.0375
0 0.60703125 0.57578125 0.034375 0.0375
0 0.6390625 0.56015625 0.03125 0.0453125
0 0.6390625 0.56015625 0.03125 0.0453125
0 0.4421875 0.58203125 0.021875 0.046875
0 0.4421875 0.58203125 0.021875 0.046875
0 0.425 0.5796875 0.0265625 0.034375
0 0.425 0.5796875 0.0265625 0.034375
0 0.409375 0.54765625 0.015625 0.05625
0 0.409375 0.54765625 0.015625 0.05625
0 0.29921875 0.56171875 0.053125 0.08125
0 0.29921875 0.56171875 0.053125 0.08125