0 0.45625 0.59609375 0.0109375 0.04375
0 0.45625 0.59609375 0.0109375 0.04375
0 0.515625 0.590625 0.009375 0.0359375
0 0.515625 0.590625 0.009375 0.0359375
0 0.64921875 0.55 0.0109375 0.0296875
0 0.64921875 0.55 0.0109375 0.0296875
0 0.64296875 0.553125 0.0078125 0.0203125
0 0.64296875 0.553125 0.0078125 0.0203125
0 0.72734375 0.6 0.034375 0.053125
0 0.72734375 0.6 0.034375 0.053125
0 0.6671875 0.646875 0.009375 0.015625
0 0.6671875 0.646875 0.009375 0.015625
0 0.64609375 0.659375 0.021875 0.04375
0 0.64609375 0.659375 0.021875 0.04375
0 0.2515625 0.60625 0.0125 0.015625