0 0.3984375 0.4625 0.0109375 0.0328125
0 0.3984375 0.4625 0.0109375 0.0328125
0 0.3859375 0.4578125 0.0078125 0.0375
0 0.3859375 0.4578125 0.0078125 0.0375
0 0.41875 0.48203125 0.0109375 0.0453125
0 0.41875 0.48203125 0.0109375 0.0453125
0 0.49375 0.51953125 0.009375 0.0421875
0 0.49375 0.51953125 0.009375 0.0421875
0 0.51875 0.51484375 0.0125 0.040625
0 0.51875 0.51484375 0.0125 0.040625
0 0.7390625 0.46015625 0.0296875 0.08125
0 0.7390625 0.46015625 0.0296875 0.08125
0 0.42890625 0.575 0.009375 0.03125
0 0.42890625 0.575 0.009375 0.03125