0 0.22109375 0.503125 0.0140625 0.0609375
0 0.22109375 0.503125 0.0140625 0.0609375
0 0.2484375 0.50390625 0.028125 0.078125
0 0.2484375 0.50390625 0.028125 0.078125
0 0.45390625 0.56796875 0.0078125 0.025
0 0.45390625 0.56796875 0.0078125 0.025
0 0.54453125 0.55703125 0.0046875 0.028125
0 0.54453125 0.55703125 0.0046875 0.028125
0 0.7234375 0.640625 0.0125 0.01875
0 0.7234375 0.640625 0.0125 0.01875
0 0.5875 0.659375 0.0078125 0.028125
0 0.5875 0.659375 0.0078125 0.028125
0 0.36640625 0.6984375 0.0171875 0.0234375