0 0.29609375 0.47421875 0.009375 0.025
0 0.29609375 0.47421875 0.009375 0.025
0 0.34453125 0.4921875 0.009375 0.0265625
0 0.34453125 0.4921875 0.009375 0.0265625
0 0.6125 0.4875 0.0234375 0.0484375
0 0.6125 0.4875 0.0234375 0.0484375
0 0.63125 0.48515625 0.015625 0.05
0 0.63125 0.48515625 0.015625 0.05
0 0.6703125 0.4765625 0.00625 0.025
0 0.6703125 0.4765625 0.00625 0.025
0 0.73671875 0.440625 0.025 0.040625
0 0.73671875 0.440625 0.025 0.040625
0 0.6671875 0.57421875 0.009375 0.0203125
0 0.6671875 0.57421875 0.009375 0.0203125
0 0.65859375 0.57421875 0.0109375 0.021875
0 0.65859375 0.57421875 0.0109375 0.021875
0 0.3640625 0.59453125 0.0109375 0.01875
0 0.3640625 0.59453125 0.0109375 0.01875
0 0.346875 0.59765625 0.03125 0.0671875
0 0.346875 0.59765625 0.03125 0.0671875
0 0.31015625 0.584375 0.009375 0.025
0 0.31015625 0.584375 0.009375 0.025