0 0.3109375 0.38359375 0.0359375 0.1140625
0 0.3109375 0.38359375 0.0359375 0.1140625
0 0.35078125 0.36171875 0.01875 0.0265625
0 0.35078125 0.36171875 0.01875 0.0265625
0 0.52734375 0.44140625 0.0078125 0.0234375
0 0.52734375 0.44140625 0.0078125 0.0234375
0 0.64140625 0.39609375 0.028125 0.0765625
0 0.64140625 0.39609375 0.028125 0.0765625
0 0.6734375 0.39765625 0.034375 0.1125
0 0.6734375 0.39765625 0.034375 0.1125
0 0.70703125 0.48671875 0.0296875 0.046875
0 0.70703125 0.48671875 0.0296875 0.046875
0 0.671875 0.50390625 0.0171875 0.0421875
0 0.671875 0.50390625 0.0171875 0.0421875
0 0.3484375 0.5125 0.009375 0.025
0 0.3484375 0.5125 0.009375 0.025
0 0.30859375 0.4921875 0.0125 0.034375
0 0.30859375 0.4921875 0.0125 0.034375
0 0.29609375 0.490625 0.0125 0.0359375