0 0.2625 0.65703125 0.053125 0.0453125
0 0.2625 0.65703125 0.053125 0.0453125
0 0.271875 0.575 0.04375 0.0640625
0 0.271875 0.575 0.04375 0.0640625
0 0.29375 0.65859375 0.0109375 0.046875
0 0.29375 0.65859375 0.0109375 0.046875
0 0.33671875 0.6671875 0.021875 0.0578125
0 0.33671875 0.6671875 0.021875 0.0578125
0 0.3515625 0.66640625 0.0140625 0.034375
0 0.3515625 0.66640625 0.0140625 0.034375
0 0.3875 0.66640625 0.0109375 0.021875
0 0.3875 0.66640625 0.0109375 0.021875
0 0.553125 0.559375 0.009375 0.0421875
0 0.553125 0.559375 0.009375 0.0421875
0 0.621875 0.5734375 0.009375 0.0390625
0 0.621875 0.5734375 0.009375 0.0390625
0 0.6328125 0.5671875 0.0171875 0.0359375
0 0.6328125 0.5671875 0.0171875 0.0359375
0 0.74921875 0.62734375 0.0171875 0.0328125
0 0.74921875 0.62734375 0.0171875 0.0328125
0 0.6234375 0.66015625 0.0046875 0.021875
0 0.6234375 0.66015625 0.0046875 0.021875
0 0.5859375 0.65390625 0.0078125 0.025
0 0.5859375 0.65390625 0.0078125 0.025
0 0.38515625 0.66484375 0.009375 0.025
0 0.38515625 0.66484375 0.009375 0.025
0 0.35234375 0.6671875 0.0171875 0.0296875
0 0.35234375 0.6671875 0.0171875 0.0296875
0 0.33515625 0.6671875 0.0234375 0.0515625
0 0.33515625 0.6671875 0.0234375 0.0515625
0 0.2921875 0.65859375 0.0109375 0.0265625