0 0.3453125 0.5515625 0.0203125 0.0671875
0 0.3453125 0.5515625 0.0203125 0.0671875
0 0.4328125 0.6125 0.0109375 0.05
0 0.4328125 0.6125 0.0109375 0.05
0 0.4546875 0.6234375 0.009375 0.046875
0 0.4546875 0.6234375 0.009375 0.046875
0 0.4984375 0.6375 0.00625 0.0359375
0 0.4984375 0.6375 0.00625 0.0359375
0 0.74921875 0.49375 0.028125 0.0546875
0 0.74921875 0.49375 0.028125 0.0546875
0 0.64375 0.68203125 0.021875 0.04375
0 0.64375 0.68203125 0.021875 0.04375
0 0.63203125 0.69609375 0.0125 0.0484375
0 0.63203125 0.69609375 0.0125 0.0484375
0 0.2328125 0.6171875 0.009375 0.0234375