0 0.290625 0.48984375 0.0171875 0.05
0 0.290625 0.48984375 0.0171875 0.05
0 0.309375 0.49609375 0.0171875 0.0546875
0 0.309375 0.49609375 0.0171875 0.0546875
0 0.33359375 0.51171875 0.0296875 0.0671875
0 0.33359375 0.51171875 0.0296875 0.0671875
0 0.35625 0.51015625 0.0171875 0.0375
0 0.35625 0.51015625 0.0171875 0.0375
0 0.375 0.51953125 0.0140625 0.0484375
0 0.375 0.51953125 0.0140625 0.0484375
0 0.38515625 0.5359375 0.0125 0.0265625
0 0.38515625 0.5359375 0.0125 0.0265625
0 0.44296875 0.546875 0.009375 0.021875
0 0.44296875 0.546875 0.009375 0.021875
0 0.4671875 0.56015625 0.0078125 0.0546875
0 0.4671875 0.56015625 0.0078125 0.0546875
0 0.49453125 0.57734375 0.009375 0.040625
0 0.49453125 0.57734375 0.009375 0.040625
0 0.52890625 0.5640625 0.0140625 0.0640625
0 0.52890625 0.5640625 0.0140625 0.0640625
0 0.5984375 0.56796875 0.00625 0.01875
0 0.5984375 0.56796875 0.00625 0.01875
0 0.61875 0.5515625 0.015625 0.0546875
0 0.61875 0.5515625 0.015625 0.0546875
0 0.63125 0.5515625 0.0140625 0.040625
0 0.63125 0.5515625 0.0140625 0.040625
0 0.65 0.5421875 0.0125 0.0375
0 0.65 0.5421875 0.0125 0.0375
0 0.7390625 0.53125 0.015625 0.0328125
0 0.7390625 0.53125 0.015625 0.0328125
0 0.7859375 0.62890625 0.040625 0.0703125
0 0.7859375 0.62890625 0.040625 0.0703125
0 0.7390625 0.6265625 0.01875 0.0203125
0 0.7390625 0.6265625 0.01875 0.0203125
0 0.759375 0.61875 0.0078125 0.0234375
0 0.759375 0.61875 0.0078125 0.0234375
0 0.7046875 0.6453125 0.015625 0.034375
0 0.7046875 0.6453125 0.015625 0.034375
0 0.71640625 0.64609375 0.0109375 0.0375
0 0.71640625 0.64609375 0.0109375 0.0375
0 0.68671875 0.65625 0.01875 0.009375
0 0.68671875 0.65625 0.01875 0.009375
0 0.6625 0.66484375 0.009375 0.028125
0 0.6625 0.66484375 0.009375 0.028125
0 0.653125 0.66640625 0.0078125 0.021875
0 0.653125 0.66640625 0.0078125 0.021875
0 0.35 0.63359375 0.009375 0.0234375
0 0.35 0.63359375 0.009375 0.0234375
0 0.29765625 0.61953125 0.0140625 0.0265625
0 0.29765625 0.61953125 0.0140625 0.0265625
0 0.28671875 0.61484375 0.009375 0.025
0 0.28671875 0.61484375 0.009375 0.025
0 0.24296875 0.5890625 0.0125 0.0265625