0 0.4890625 0.615625 0.0046875 0.0203125
0 0.4890625 0.615625 0.0046875 0.0203125
0 0.4953125 0.6125 0.00625 0.0234375
0 0.4953125 0.6125 0.00625 0.0234375
0 0.6921875 0.528125 0.0109375 0.0234375
0 0.6921875 0.528125 0.0109375 0.0234375
0 0.684375 0.53671875 0.0078125 0.021875
0 0.684375 0.53671875 0.0078125 0.021875
0 0.69140625 0.63359375 0.0203125 0.0265625
0 0.69140625 0.63359375 0.0203125 0.0265625
0 0.67890625 0.65 0.009375 0.0234375
0 0.67890625 0.65 0.009375 0.0234375
0 0.30625 0.66953125 0.025 0.053125