0 0.24375 0.49921875 0.028125 0.0484375
0 0.24375 0.49921875 0.028125 0.0484375
0 0.28203125 0.51484375 0.0171875 0.028125
0 0.28203125 0.51484375 0.0171875 0.028125
0 0.3015625 0.5203125 0.015625 0.0484375
0 0.3015625 0.5203125 0.015625 0.0484375
0 0.2796875 0.609375 0.0640625 0.0765625
0 0.2796875 0.609375 0.0640625 0.0765625
0 0.32421875 0.63984375 0.0375 0.05
0 0.32421875 0.63984375 0.0375 0.05
0 0.5 0.640625 0.0125 0.040625
0 0.5 0.640625 0.0125 0.040625
0 0.52734375 0.646875 0.0109375 0.0296875
0 0.52734375 0.646875 0.0109375 0.0296875
0 0.55546875 0.65390625 0.0203125 0.0484375
0 0.55546875 0.65390625 0.0203125 0.0484375
0 0.5671875 0.634375 0.0140625 0.0296875
0 0.5671875 0.634375 0.0140625 0.0296875
0 0.5671875 0.53203125 0.0109375 0.028125
0 0.5671875 0.53203125 0.0109375 0.028125
0 0.559375 0.5375 0.0046875 0.028125
0 0.559375 0.5375 0.0046875 0.028125
0 0.6109375 0.5171875 0.015625 0.034375
0 0.6109375 0.5171875 0.015625 0.034375
0 0.646875 0.51328125 0.0265625 0.046875