0 0.434375 0.740625 0.0078125 0.03125
0 0.434375 0.740625 0.0078125 0.03125
0 0.44296875 0.73671875 0.0109375 0.03125
0 0.44296875 0.73671875 0.0109375 0.03125
0 0.3359375 0.71953125 0.0078125 0.0359375
0 0.3359375 0.71953125 0.0078125 0.0359375
0 0.54140625 0.76484375 0.0078125 0.0265625
0 0.54140625 0.76484375 0.0078125 0.0265625
0 0.63359375 0.79609375 0.0359375 0.0234375
0 0.63359375 0.79609375 0.0359375 0.0234375
0 0.734375 0.73359375 0.0296875 0.0859375
0 0.734375 0.73359375 0.0296875 0.0859375
0 0.89140625 0.7 0.00625 0.0203125
0 0.89140625 0.7 0.00625 0.0203125
0 0.8984375 0.70078125 0.003125 0.015625
0 0.8984375 0.70078125 0.003125 0.015625
0 0.46796875 0.8546875 0.009375 0.028125
0 0.46796875 0.8546875 0.009375 0.028125
0 0.36328125 0.83359375 0.009375 0.0203125