0 0.20546875 0.5125 0.0203125 0.0640625
0 0.20546875 0.5125 0.0203125 0.0640625
0 0.22734375 0.50625 0.009375 0.0390625
0 0.22734375 0.50625 0.009375 0.0390625
0 0.33203125 0.55078125 0.009375 0.03125
0 0.33203125 0.55078125 0.009375 0.03125
0 0.32265625 0.5484375 0.009375 0.025
0 0.32265625 0.5484375 0.009375 0.025
0 0.396875 0.5265625 0.009375 0.0328125
0 0.396875 0.5265625 0.009375 0.0328125
0 0.4828125 0.5796875 0.00625 0.0203125
0 0.4828125 0.5796875 0.00625 0.0203125
0 0.4765625 0.58046875 0.00625 0.0265625
0 0.4765625 0.58046875 0.00625 0.0265625
0 0.60078125 0.54609375 0.009375 0.0265625
0 0.60078125 0.54609375 0.009375 0.0265625
0 0.61015625 0.53984375 0.009375 0.0203125
0 0.61015625 0.53984375 0.009375 0.0203125
0 0.7578125 0.4765625 0.028125 0.05625
0 0.7578125 0.4765625 0.028125 0.05625
0 0.7640625 0.596875 0.0328125 0.046875
0 0.7640625 0.596875 0.0328125 0.046875
0 0.69765625 0.665625 0.009375 0.0265625
0 0.69765625 0.665625 0.009375 0.0265625
0 0.6359375 0.671875 0.00625 0.01875