0 0.23359375 0.44453125 0.0109375 0.0359375
0 0.23359375 0.44453125 0.0109375 0.0359375
0 0.2484375 0.44453125 0.0171875 0.0484375
0 0.2484375 0.44453125 0.0171875 0.0484375
0 0.2828125 0.46640625 0.009375 0.0296875
0 0.2828125 0.46640625 0.009375 0.0296875
0 0.29375 0.465625 0.0140625 0.046875
0 0.29375 0.465625 0.0140625 0.046875
0 0.32421875 0.4828125 0.015625 0.0453125
0 0.32421875 0.4828125 0.015625 0.0453125
0 0.33359375 0.4828125 0.009375 0.028125
0 0.33359375 0.4828125 0.009375 0.028125
0 0.36328125 0.49140625 0.0078125 0.03125
0 0.36328125 0.49140625 0.0078125 0.03125
0 0.615625 0.48984375 0.021875 0.065625
0 0.615625 0.48984375 0.021875 0.065625
0 0.69453125 0.45390625 0.0046875 0.01875
0 0.69453125 0.45390625 0.0046875 0.01875
0 0.7015625 0.45390625 0.0046875 0.0203125
0 0.7015625 0.45390625 0.0046875 0.0203125
0 0.73125 0.5484375 0.009375 0.0296875
0 0.73125 0.5484375 0.009375 0.0296875
0 0.63203125 0.5625 0.0078125 0.0265625
0 0.63203125 0.5625 0.0078125 0.0265625
0 0.353125 0.57265625 0.0109375 0.0296875
0 0.353125 0.57265625 0.0109375 0.0296875
0 0.25625 0.55703125 0.0109375 0.04375
0 0.25625 0.55703125 0.0109375 0.04375
0 0.3734375 0.58125 0.0078125 0.01875
0 0.3734375 0.58125 0.0078125 0.01875