0 0.29921875 0.68125 0.00625 0.025
0 0.29921875 0.68125 0.00625 0.025
0 0.32578125 0.68046875 0.00625 0.021875
0 0.32578125 0.68046875 0.00625 0.021875
0 0.33984375 0.6859375 0.0203125 0.0296875
0 0.33984375 0.6859375 0.0203125 0.0296875
0 0.35390625 0.66015625 0.0109375 0.025
0 0.35390625 0.66015625 0.0109375 0.025
0 0.521875 0.6859375 0.0078125 0.021875
0 0.521875 0.6859375 0.0078125 0.021875
0 0.54765625 0.68359375 0.00625 0.021875
0 0.54765625 0.68359375 0.00625 0.021875
0 0.3265625 0.759375 0.0140625 0.04375
0 0.3265625 0.759375 0.0140625 0.04375
0 0.31640625 0.75 0.0078125 0.0328125
0 0.31640625 0.75 0.0078125 0.0328125