0 0.271875 0.6453125 0.009375 0.0234375
0 0.271875 0.6453125 0.009375 0.0234375
0 0.6078125 0.68984375 0.0109375 0.05
0 0.6078125 0.68984375 0.0109375 0.05
0 0.5734375 0.6828125 0.00625 0.0171875
0 0.5734375 0.6828125 0.00625 0.0171875
0 0.67421875 0.6453125 0.0125 0.021875
0 0.67421875 0.6453125 0.0125 0.021875
0 0.56484375 0.59375 0.0140625 0.0296875
0 0.56484375 0.59375 0.0140625 0.0296875
0 0.50859375 0.61484375 0.0203125 0.059375
0 0.50859375 0.61484375 0.0203125 0.059375
0 0.4140625 0.63046875 0.0109375 0.03125
0 0.4140625 0.63046875 0.0109375 0.03125
0 0.38203125 0.6265625 0.0125 0.0296875