0 0.2421875 0.4921875 0.0234375 0.040625
0 0.2421875 0.4921875 0.0234375 0.040625
0 0.27421875 0.49140625 0.0109375 0.0421875
0 0.27421875 0.49140625 0.0109375 0.0421875
0 0.284375 0.50390625 0.0140625 0.046875
0 0.284375 0.50390625 0.0140625 0.046875
0 0.325 0.50859375 0.00625 0.0171875
0 0.325 0.50859375 0.00625 0.0171875
0 0.33203125 0.53046875 0.0078125 0.021875
0 0.33203125 0.53046875 0.0078125 0.021875
0 0.3609375 0.55390625 0.009375 0.015625
0 0.3609375 0.55390625 0.009375 0.015625
0 0.4828125 0.58359375 0.0046875 0.01875
0 0.4828125 0.58359375 0.0046875 0.01875
0 0.48984375 0.58359375 0.00625 0.0203125
0 0.48984375 0.58359375 0.00625 0.0203125
0 0.5171875 0.58046875 0.00625 0.025
0 0.5171875 0.58046875 0.00625 0.025
0 0.6125 0.55390625 0.009375 0.03125
0 0.6125 0.55390625 0.009375 0.03125
0 0.63046875 0.53984375 0.0234375 0.0625
0 0.63046875 0.53984375 0.0234375 0.0625
0 0.64921875 0.51875 0.0125 0.025
0 0.64921875 0.51875 0.0125 0.025
0 0.684375 0.52578125 0.0234375 0.0578125
0 0.684375 0.52578125 0.0234375 0.0578125
0 0.72890625 0.496875 0.0265625 0.065625
0 0.72890625 0.496875 0.0265625 0.065625
0 0.74765625 0.60078125 0.0078125 0.0125
0 0.74765625 0.60078125 0.0078125 0.0125
0 0.66171875 0.65078125 0.015625 0.025
0 0.66171875 0.65078125 0.015625 0.025
0 0.421875 0.6828125 0.00625 0.0234375
0 0.421875 0.6828125 0.00625 0.0234375
0 0.36171875 0.634375 0.0078125 0.028125
0 0.36171875 0.634375 0.0078125 0.028125
0 0.35390625 0.62890625 0.0125 0.0328125
0 0.35390625 0.62890625 0.0125 0.0328125
0 0.2875 0.60234375 0.05 0.0703125
0 0.2875 0.60234375 0.05 0.0703125