0 0.23515625 0.47734375 0.021875 0.0515625
0 0.23515625 0.47734375 0.021875 0.0515625
0 0.359375 0.47265625 0.0125 0.0390625
0 0.359375 0.47265625 0.0125 0.0390625
0 0.54296875 0.434375 0.00625 0.021875
0 0.54296875 0.434375 0.00625 0.021875
0 0.61875 0.4609375 0.028125 0.0828125
0 0.61875 0.4609375 0.028125 0.0828125
0 0.74921875 0.46875 0.0171875 0.059375
0 0.74921875 0.46875 0.0171875 0.059375
0 0.76796875 0.4703125 0.01875 0.0453125
0 0.76796875 0.4703125 0.01875 0.0453125
0 0.78515625 0.565625 0.0203125 0.025
0 0.78515625 0.565625 0.0203125 0.025
0 0.75078125 0.58359375 0.0109375 0.03125
0 0.75078125 0.58359375 0.0109375 0.03125
0 0.65078125 0.5890625 0.0078125 0.03125
0 0.65078125 0.5890625 0.0078125 0.03125
0 0.3734375 0.58984375 0.009375 0.0359375
0 0.3734375 0.58984375 0.009375 0.0359375
0 0.3640625 0.59609375 0.0078125 0.0265625
0 0.3640625 0.59609375 0.0078125 0.0265625
0 0.3390625 0.60234375 0.015625 0.0640625
0 0.3390625 0.60234375 0.015625 0.0640625
0 0.31640625 0.60625 0.021875 0.0890625
0 0.31640625 0.60625 0.021875 0.0890625
0 0.19453125 0.5703125 0.0171875 0.0203125
0 0.19453125 0.5703125 0.0171875 0.0203125
0 0.2 0.484375 0.025 0.0453125