0 0.26953125 0.40078125 0.0171875 0.025
0 0.26953125 0.40078125 0.0171875 0.025
0 0.3015625 0.42734375 0.0171875 0.0421875
0 0.3015625 0.42734375 0.0171875 0.0421875
0 0.3453125 0.4453125 0.0078125 0.025
0 0.3453125 0.4453125 0.0078125 0.025
0 0.36875 0.44609375 0.0171875 0.0671875
0 0.36875 0.44609375 0.0171875 0.0671875
0 0.3375 0.440625 0.0078125 0.028125
0 0.3375 0.440625 0.0078125 0.028125
0 0.6953125 0.425 0.0109375 0.046875
0 0.6953125 0.425 0.0109375 0.046875
0 0.7640625 0.36796875 0.0328125 0.0546875
0 0.7640625 0.36796875 0.0328125 0.0546875
0 0.3515625 0.5359375 0.0140625 0.0421875
0 0.3515625 0.5359375 0.0140625 0.0421875
0 0.29375 0.5203125 0.0140625 0.034375
0 0.29375 0.5203125 0.0140625 0.034375