0 0.2078125 0.54296875 0.025 0.075
0 0.2078125 0.54296875 0.025 0.075
0 0.21796875 0.640625 0.05 0.0421875
0 0.21796875 0.640625 0.05 0.0421875
0 0.27109375 0.6546875 0.021875 0.025
0 0.27109375 0.6546875 0.021875 0.025
0 0.33125 0.58125 0.0078125 0.025
0 0.33125 0.58125 0.0078125 0.025
0 0.3671875 0.67109375 0.0109375 0.025
0 0.3671875 0.67109375 0.0109375 0.025
0 0.65859375 0.58984375 0.021875 0.053125
0 0.65859375 0.58984375 0.021875 0.053125
0 0.68125 0.671875 0.009375 0.0171875
0 0.68125 0.671875 0.009375 0.0171875
0 0.63203125 0.59296875 0.0078125 0.0328125
0 0.63203125 0.59296875 0.0078125 0.0328125
0 0.65 0.671875 0.0046875 0.0140625
0 0.65 0.671875 0.0046875 0.0140625
0 0.7109375 0.66171875 0.0078125 0.0171875