0 0.50078125 0.6640625 0.0078125 0.0296875
0 0.50078125 0.6640625 0.0078125 0.0296875
0 0.5109375 0.6609375 0.00625 0.0453125
0 0.5109375 0.6609375 0.00625 0.0453125
0 0.75078125 0.66484375 0.0109375 0.05
0 0.75078125 0.66484375 0.0109375 0.05
0 0.72578125 0.74921875 0.00625 0.0296875
0 0.72578125 0.74921875 0.00625 0.0296875
0 0.671875 0.74921875 0.0046875 0.015625
0 0.671875 0.74921875 0.0046875 0.015625
0 0.66640625 0.75078125 0.0046875 0.0171875
0 0.66640625 0.75078125 0.0046875 0.0171875
0 0.55859375 0.7546875 0.0109375 0.0390625
0 0.55859375 0.7546875 0.0109375 0.0390625
0 0.52734375 0.75234375 0.0171875 0.034375