0 0.31875 0.54453125 0.0078125 0.01875
0 0.31875 0.54453125 0.0078125 0.01875
0 0.34296875 0.5546875 0.0078125 0.025
0 0.34296875 0.5546875 0.0078125 0.025
0 0.3578125 0.55703125 0.009375 0.028125
0 0.3578125 0.55703125 0.009375 0.028125
0 0.653125 0.575 0.0203125 0.0578125
0 0.653125 0.575 0.0203125 0.0578125
0 0.67421875 0.5546875 0.025 0.0359375
0 0.67421875 0.5546875 0.025 0.0359375
0 0.6859375 0.69296875 0.03125 0.01875
0 0.6859375 0.69296875 0.03125 0.01875
0 0.62890625 0.71015625 0.015625 0.0171875