0 0.38203125 0.5046875 0.009375 0.0328125
0 0.38203125 0.5046875 0.009375 0.0328125
0 0.3875 0.503125 0.009375 0.034375
0 0.3875 0.503125 0.009375 0.034375
0 0.52578125 0.6109375 0.00625 0.028125
0 0.52578125 0.6109375 0.00625 0.028125
0 0.72265625 0.6109375 0.0171875 0.071875
0 0.72265625 0.6109375 0.0171875 0.071875
0 0.7671875 0.6046875 0.009375 0.0203125
0 0.7671875 0.6046875 0.009375 0.0203125
0 0.8390625 0.55234375 0.0171875 0.040625
0 0.8390625 0.55234375 0.0171875 0.040625
0 0.44296875 0.6921875 0.0109375 0.0328125