0 0.73125 0.53203125 0.0171875 0.03125
0 0.73125 0.53203125 0.0171875 0.03125
0 0.70859375 0.54921875 0.015625 0.0546875
0 0.70859375 0.54921875 0.015625 0.0546875
0 0.63203125 0.609375 0.0390625 0.0609375
0 0.63203125 0.609375 0.0390625 0.0609375
0 0.6234375 0.5640625 0.0171875 0.059375
0 0.6234375 0.5640625 0.0171875 0.059375
0 0.48984375 0.61640625 0.0109375 0.04375
0 0.48984375 0.61640625 0.0109375 0.04375
0 0.41015625 0.59140625 0.0203125 0.071875
0 0.41015625 0.59140625 0.0203125 0.071875
0 0.41953125 0.69609375 0.0234375 0.0640625
0 0.41953125 0.69609375 0.0234375 0.0640625