0 0.32578125 0.54296875 0.0109375 0.0296875
0 0.32578125 0.54296875 0.0109375 0.0296875
0 0.334375 0.546875 0.0109375 0.03125
0 0.334375 0.546875 0.0109375 0.03125
0 0.63203125 0.55625 0.009375 0.0234375
0 0.63203125 0.55625 0.009375 0.0234375
0 0.71875 0.5296875 0.025 0.0546875
0 0.71875 0.5296875 0.025 0.0546875
0 0.70078125 0.6390625 0.0453125 0.0421875
0 0.70078125 0.6390625 0.0453125 0.0421875
0 0.621875 0.6703125 0.0078125 0.0265625
0 0.621875 0.6703125 0.0078125 0.0265625
0 0.3515625 0.66875 0.00625 0.0296875
0 0.3515625 0.66875 0.00625 0.0296875
0 0.3328125 0.66171875 0.034375 0.078125
0 0.3328125 0.66171875 0.034375 0.078125
0 0.30703125 0.6515625 0.01875 0.0453125
0 0.30703125 0.6515625 0.01875 0.0453125
0 0.271875 0.63828125 0.021875 0.0375
0 0.271875 0.63828125 0.021875 0.0375
0 0.29765625 0.6453125 0.0078125 0.025