0 0.34453125 0.4875 0.0125 0.04375
0 0.34453125 0.4875 0.0125 0.04375
0 0.39765625 0.52734375 0.0265625 0.0640625
0 0.39765625 0.52734375 0.0265625 0.0640625
0 0.415625 0.540625 0.0109375 0.04375
0 0.415625 0.540625 0.0109375 0.04375
0 0.4375 0.5609375 0.01875 0.034375
0 0.4375 0.5609375 0.01875 0.034375
0 0.65625 0.54609375 0.015625 0.05
0 0.65625 0.54609375 0.015625 0.05
0 0.66484375 0.5359375 0.015625 0.0375
0 0.66484375 0.5359375 0.015625 0.0375
0 0.690625 0.53828125 0.015625 0.05
0 0.690625 0.53828125 0.015625 0.05
0 0.7421875 0.4859375 0.0078125 0.034375
0 0.7421875 0.4859375 0.0078125 0.034375
0 0.76171875 0.63828125 0.01875 0.021875
0 0.76171875 0.63828125 0.01875 0.021875
0 0.70390625 0.65859375 0.040625 0.053125
0 0.70390625 0.65859375 0.040625 0.053125
0 0.39921875 0.6734375 0.0484375 0.0875
0 0.39921875 0.6734375 0.0484375 0.0875
0 0.3375 0.640625 0.0125 0.0265625