0 0.3671875 0.46875 0.03125 0.053125
0 0.3671875 0.46875 0.03125 0.053125
0 0.3953125 0.45625 0.025 0.0453125
0 0.3953125 0.45625 0.025 0.0453125
0 0.45859375 0.48984375 0.021875 0.0734375
0 0.45859375 0.48984375 0.021875 0.0734375
0 0.50546875 0.51171875 0.00625 0.0359375
0 0.50546875 0.51171875 0.00625 0.0359375
0 0.5984375 0.60703125 0.028125 0.0546875
0 0.5984375 0.60703125 0.028125 0.0546875
0 0.28125 0.56875 0.0390625 0.0609375
0 0.28125 0.56875 0.0390625 0.0609375
0 0.2515625 0.53125 0.0140625 0.0265625