0 0.24296875 0.5140625 0.028125 0.053125
0 0.24296875 0.5140625 0.028125 0.053125
0 0.72421875 0.6046875 0.0125 0.0234375
0 0.72421875 0.6046875 0.0125 0.0234375
0 0.7171875 0.6125 0.0078125 0.0203125
0 0.7171875 0.6125 0.0078125 0.0203125
0 0.61875 0.6453125 0.0078125 0.021875
0 0.61875 0.6453125 0.0078125 0.021875
0 0.2953125 0.6390625 0.0125 0.021875
0 0.2953125 0.6390625 0.0125 0.021875
0 0.25390625 0.61796875 0.009375 0.028125
0 0.25390625 0.61796875 0.009375 0.028125
0 0.24921875 0.596875 0.00625 0.01875
0 0.24921875 0.596875 0.00625 0.01875
0 0.22578125 0.57421875 0.0140625 0.0234375