0 0.2125 0.33515625 0.034375 0.0828125
0 0.2125 0.33515625 0.034375 0.0828125
0 0.4625 0.459375 0.0125 0.046875
0 0.4625 0.459375 0.0125 0.046875
0 0.47578125 0.46484375 0.01875 0.065625
0 0.47578125 0.46484375 0.01875 0.065625
0 0.5578125 0.47421875 0.0109375 0.046875
0 0.5578125 0.47421875 0.0109375 0.046875
0 0.70703125 0.42265625 0.0078125 0.0359375
0 0.70703125 0.42265625 0.0078125 0.0359375
0 0.71640625 0.41796875 0.0109375 0.0375
0 0.71640625 0.41796875 0.0109375 0.0375
0 0.18359375 0.40078125 0.034375 0.05