0 0.2671875 0.48515625 0.0078125 0.0171875
0 0.2671875 0.48515625 0.0078125 0.0171875
0 0.309375 0.4875 0.0078125 0.0234375
0 0.309375 0.4875 0.0078125 0.0234375
0 0.31953125 0.49609375 0.0125 0.025
0 0.31953125 0.49609375 0.0125 0.025
0 0.6421875 0.51484375 0.0125 0.040625
0 0.6421875 0.51484375 0.0125 0.040625
0 0.68125 0.5328125 0.0140625 0.04375
0 0.68125 0.5328125 0.0140625 0.04375
0 0.72421875 0.5171875 0.0234375 0.0515625
0 0.72421875 0.5171875 0.0234375 0.0515625
0 0.76171875 0.57578125 0.0125 0.025
0 0.76171875 0.57578125 0.0125 0.025
0 0.33125 0.66328125 0.0109375 0.0390625
0 0.33125 0.66328125 0.0109375 0.0390625
0 0.31796875 0.6734375 0.0125 0.0359375
0 0.31796875 0.6734375 0.0125 0.0359375
0 0.18984375 0.52890625 0.034375 0.0515625