0 0.36953125 0.54375 0.0171875 0.0421875
0 0.36953125 0.54375 0.0171875 0.0421875
0 0.38984375 0.55546875 0.0078125 0.0328125
0 0.38984375 0.55546875 0.0078125 0.0328125
0 0.33359375 0.65234375 0.0109375 0.025
0 0.33359375 0.65234375 0.0109375 0.025
0 0.38203125 0.6625 0.00625 0.0265625
0 0.38203125 0.6625 0.00625 0.0265625
0 0.27734375 0.6671875 0.01875 0.071875
0 0.27734375 0.6671875 0.01875 0.071875
0 0.32578125 0.65390625 0.009375 0.0265625
0 0.32578125 0.65390625 0.009375 0.0265625
0 0.74296875 0.4921875 0.025 0.0578125