0 0.29609375 0.54375 0.040625 0.059375
0 0.29609375 0.54375 0.040625 0.059375
0 0.32265625 0.5578125 0.009375 0.025
0 0.32265625 0.5578125 0.009375 0.025
0 0.36015625 0.56875 0.0125 0.0265625
0 0.36015625 0.56875 0.0125 0.0265625
0 0.615625 0.57109375 0.0203125 0.0515625
0 0.615625 0.57109375 0.0203125 0.0515625
0 0.63203125 0.565625 0.0125 0.0390625
0 0.63203125 0.565625 0.0125 0.0390625
0 0.64921875 0.565625 0.0171875 0.053125
0 0.64921875 0.565625 0.0171875 0.053125
0 0.6796875 0.63828125 0.0125 0.028125
0 0.6796875 0.63828125 0.0125 0.028125
0 0.6640625 0.64765625 0.01875 0.05625
0 0.6640625 0.64765625 0.01875 0.05625
0 0.6234375 0.6578125 0.0125 0.028125
0 0.6234375 0.6578125 0.0125 0.028125
0 0.61328125 0.659375 0.0078125 0.025
0 0.61328125 0.659375 0.0078125 0.025
0 0.35 0.6546875 0.00625 0.0140625
0 0.35 0.6546875 0.00625 0.0140625
0 0.33984375 0.65078125 0.00625 0.0265625
0 0.33984375 0.65078125 0.00625 0.0265625
0 0.33203125 0.64609375 0.00625 0.021875
0 0.33203125 0.64609375 0.00625 0.021875
0 0.284375 0.6359375 0.0125 0.0328125
0 0.284375 0.6359375 0.0125 0.0328125
0 0.25390625 0.62109375 0.0296875 0.034375
0 0.25390625 0.62109375 0.0296875 0.034375
0 0.275 0.62734375 0.0109375 0.0359375