0 0.25625 0.6375 0.0234375 0.0375
0 0.25625 0.6375 0.0234375 0.0375
0 0.28203125 0.6765625 0.0109375 0.0375
0 0.28203125 0.6765625 0.0109375 0.0375
0 0.2796875 0.65390625 0.0078125 0.0234375
0 0.2796875 0.65390625 0.0078125 0.0234375
0 0.5890625 0.66796875 0.0140625 0.0203125
0 0.5890625 0.66796875 0.0140625 0.0203125
0 0.6984375 0.63359375 0.0234375 0.028125
0 0.6984375 0.63359375 0.0234375 0.028125
0 0.72890625 0.6390625 0.0125 0.0390625
0 0.72890625 0.6390625 0.0125 0.0390625
0 0.6359375 0.57265625 0.0078125 0.0359375
0 0.6359375 0.57265625 0.0078125 0.0359375
0 0.26796875 0.55703125 0.0078125 0.0265625
0 0.26796875 0.55703125 0.0078125 0.0265625
0 0.2609375 0.55390625 0.0046875 0.0296875
0 0.2609375 0.55390625 0.0046875 0.0296875
0 0.23984375 0.54453125 0.01875 0.0203125