0 0.31015625 0.5375 0.0140625 0.0484375
0 0.31015625 0.5375 0.0140625 0.0484375
0 0.34921875 0.55546875 0.0078125 0.028125
0 0.34921875 0.55546875 0.0078125 0.028125
0 0.27578125 0.60625 0.0078125 0.0171875
0 0.27578125 0.60625 0.0078125 0.0171875
0 0.31953125 0.61640625 0.0140625 0.01875
0 0.31953125 0.61640625 0.0140625 0.01875
0 0.26796875 0.60234375 0.0078125 0.015625
0 0.26796875 0.60234375 0.0078125 0.015625
0 0.36015625 0.62109375 0.00625 0.0140625
0 0.36015625 0.62109375 0.00625 0.0140625
0 0.3546875 0.61875 0.003125 0.0125
0 0.3546875 0.61875 0.003125 0.0125
0 0.5859375 0.56328125 0.0046875 0.0171875
0 0.5859375 0.56328125 0.0046875 0.0171875
0 0.6109375 0.56328125 0.0078125 0.0203125
0 0.6109375 0.56328125 0.0078125 0.0203125
0 0.7 0.6109375 0.0046875 0.021875
0 0.7 0.6109375 0.0046875 0.021875
0 0.6953125 0.6078125 0.00625 0.021875
0 0.6953125 0.6078125 0.00625 0.021875