0 0.35859375 0.5375 0.015625 0.05
0 0.35859375 0.5375 0.015625 0.05
0 0.665625 0.53359375 0.0125 0.0578125
0 0.665625 0.53359375 0.0125 0.0578125
0 0.67421875 0.5328125 0.0109375 0.0453125
0 0.67421875 0.5328125 0.0109375 0.0453125
0 0.6953125 0.53046875 0.01875 0.0671875
0 0.6953125 0.53046875 0.01875 0.0671875
0 0.7078125 0.52734375 0.009375 0.0359375
0 0.7078125 0.52734375 0.009375 0.0359375
0 0.74921875 0.534375 0.0078125 0.0296875
0 0.74921875 0.534375 0.0078125 0.0296875
0 0.7640625 0.6671875 0.034375 0.028125
0 0.7640625 0.6671875 0.034375 0.028125
0 0.70703125 0.66015625 0.0140625 0.021875
0 0.70703125 0.66015625 0.0140625 0.021875
0 0.64609375 0.6390625 0.009375 0.034375
0 0.64609375 0.6390625 0.009375 0.034375
0 0.6375 0.63984375 0.0078125 0.0375
0 0.6375 0.63984375 0.0078125 0.0375
0 0.434375 0.64453125 0.0078125 0.03125
0 0.434375 0.64453125 0.0078125 0.03125
0 0.390625 0.665625 0.025 0.059375
0 0.390625 0.665625 0.025 0.059375
0 0.37578125 0.65078125 0.0234375 0.0171875
0 0.37578125 0.65078125 0.0234375 0.0171875
0 0.3515625 0.65625 0.009375 0.03125
0 0.3515625 0.65625 0.009375 0.03125
0 0.3390625 0.65703125 0.0109375 0.040625