0 0.256883604505632 0.4919447640966628 0.025031289111389236 0.06098964326812428
0 0.256883604505632 0.4919447640966628 0.025031289111389236 0.06098964326812428
0 0.37984981226533165 0.5644418872266973 0.02753441802252816 0.06444188722669736
0 0.37984981226533165 0.5644418872266973 0.02753441802252816 0.06444188722669736
0 0.4355444305381727 0.596662830840046 0.009386733416770964 0.05063291139240506
0 0.4355444305381727 0.596662830840046 0.009386733416770964 0.05063291139240506
0 0.45337922403003755 0.6006904487917146 0.013141426783479349 0.04372842347525892
0 0.45337922403003755 0.6006904487917146 0.013141426783479349 0.04372842347525892
0 0.46495619524405507 0.6058688147295742 0.011264080100125156 0.04257767548906789
0 0.46495619524405507 0.6058688147295742 0.011264080100125156 0.04257767548906789
0 0.4918648310387985 0.5914844649021864 0.008135168961201502 0.03682393555811277
0 0.4918648310387985 0.5914844649021864 0.008135168961201502 0.03682393555811277
0 0.5294117647058824 0.6116225546605294 0.010638297872340425 0.04602991944764097
0 0.5294117647058824 0.6116225546605294 0.010638297872340425 0.04602991944764097
0 0.5647684605757196 0.5995397008055235 0.004380475594493116 0.020713463751438434
0 0.5647684605757196 0.5995397008055235 0.004380475594493116 0.020713463751438434
0 0.5688360450563203 0.5972382048331415 0.005632040050062578 0.02761795166858458
0 0.5688360450563203 0.5972382048331415 0.005632040050062578 0.02761795166858458
0 0.6129536921151439 0.5506329113924051 0.02690863579474343 0.0333716915995397
0 0.6129536921151439 0.5506329113924051 0.02690863579474343 0.0333716915995397
0 0.6317271589486858 0.570771001150748 0.007509386733416771 0.026467203682393557
0 0.6317271589486858 0.570771001150748 0.007509386733416771 0.026467203682393557
0 0.6492490613266583 0.5644418872266973 0.018147684605757195 0.07019562715765247
0 0.6492490613266583 0.5644418872266973 0.018147684605757195 0.07019562715765247
0 0.7005632040050063 0.5092059838895282 0.008760951188986232 0.023014959723820484
0 0.7005632040050063 0.5092059838895282 0.008760951188986232 0.023014959723820484
0 0.733729662077597 0.6173762945914845 0.01939924906132666 0.03222094361334868
0 0.733729662077597 0.6173762945914845 0.01939924906132666 0.03222094361334868
0 0.7412390488110138 0.6467203682393556 0.008760951188986232 0.012658227848101266
0 0.7412390488110138 0.6467203682393556 0.008760951188986232 0.012658227848101266
0 0.7074468085106383 0.6432681242807825 0.011889862327909888 0.02531645569620253
0 0.7074468085106383 0.6432681242807825 0.011889862327909888 0.02531645569620253
0 0.7137046307884856 0.6432681242807825 0.0050062578222778474 0.012658227848101266
0 0.7137046307884856 0.6432681242807825 0.0050062578222778474 0.012658227848101266
0 0.682415519399249 0.6449942462600691 0.03504380475594493 0.02531645569620253
0 0.682415519399249 0.6449942462600691 0.03504380475594493 0.02531645569620253
0 0.66270337922403 0.6501726121979287 0.005632040050062578 0.024165707710011506
0 0.66270337922403 0.6501726121979287 0.005632040050062578 0.024165707710011506
0 0.2903629536921151 0.6300345224395857 0.02190237797246558 0.02761795166858458
0 0.2903629536921151 0.6300345224395857 0.02190237797246558 0.02761795166858458