0 0.3020195838433293 0.4614906832298137 0.01835985312117503 0.043478260869565216
0 0.3020195838433293 0.4614906832298137 0.01835985312117503 0.043478260869565216
0 0.31487148102815177 0.4652173913043478 0.019583843329253364 0.05217391304347826
0 0.31487148102815177 0.4652173913043478 0.019583843329253364 0.05217391304347826
0 0.4173806609547124 0.506832298136646 0.01346389228886169 0.04720496894409938
0 0.4173806609547124 0.506832298136646 0.01346389228886169 0.04720496894409938
0 0.42747858017135865 0.5142857142857142 0.01346389228886169 0.04472049689440994
0 0.42747858017135865 0.5142857142857142 0.01346389228886169 0.04472049689440994
0 0.6162790697674418 0.5428571428571428 0.017135862913096694 0.05341614906832298
0 0.6162790697674418 0.5428571428571428 0.017135862913096694 0.05341614906832298
0 0.6303549571603427 0.537888198757764 0.008567931456548347 0.02360248447204969
0 0.6303549571603427 0.537888198757764 0.008567931456548347 0.02360248447204969
0 0.7117503059975521 0.49751552795031057 0.00795593635250918 0.02608695652173913
0 0.7117503059975521 0.49751552795031057 0.00795593635250918 0.02608695652173913
0 0.6539167686658507 0.6267080745341614 0.0073439412484700125 0.02236024844720497
0 0.6539167686658507 0.6267080745341614 0.0073439412484700125 0.02236024844720497
0 0.609547123623011 0.6453416149068323 0.006731946144430845 0.018633540372670808
0 0.609547123623011 0.6453416149068323 0.006731946144430845 0.018633540372670808
0 0.5694614443084456 0.6583850931677019 0.006119951040391677 0.012422360248447204
0 0.5694614443084456 0.6583850931677019 0.006119951040391677 0.012422360248447204
0 0.2821297429620563 0.5509316770186335 0.031211750305997554 0.0422360248447205