0 0.24436795994993743 0.4626006904487917 0.01877346683354193 0.04027617951668585
0 0.24436795994993743 0.4626006904487917 0.01877346683354193 0.04027617951668585
0 0.25344180225281604 0.48676639815880324 0.02127659574468085 0.04948216340621404
0 0.25344180225281604 0.48676639815880324 0.02127659574468085 0.04948216340621404
0 0.2734668335419274 0.4873417721518987 0.015644555694618274 0.04027617951668585
0 0.2734668335419274 0.4873417721518987 0.015644555694618274 0.04027617951668585
0 0.33229036295369213 0.5512082853855006 0.008760951188986232 0.02761795166858458
0 0.33229036295369213 0.5512082853855006 0.008760951188986232 0.02761795166858458
0 0.6373591989987485 0.525891829689298 0.010638297872340425 0.04257767548906789
0 0.6373591989987485 0.525891829689298 0.010638297872340425 0.04257767548906789
0 0.6964956195244055 0.46490218642117376 0.030663329161451813 0.05408515535097814
0 0.6964956195244055 0.46490218642117376 0.030663329161451813 0.05408515535097814
0 0.7199624530663329 0.4654775604142693 0.01376720901126408 0.05983889528193326
0 0.7199624530663329 0.4654775604142693 0.01376720901126408 0.05983889528193326
0 0.6752190237797246 0.6064441887226697 0.02127659574468085 0.05063291139240506
0 0.6752190237797246 0.6064441887226697 0.02127659574468085 0.05063291139240506
0 0.6605131414267835 0.6242807825086306 0.018147684605757195 0.04487917146144994
0 0.6605131414267835 0.6242807825086306 0.018147684605757195 0.04487917146144994
0 0.34105131414267836 0.6398158803222095 0.030663329161451813 0.05868814729574223
0 0.34105131414267836 0.6398158803222095 0.030663329161451813 0.05868814729574223