0 0.30819774718397996 0.5425776754890679 0.017521902377972465 0.05063291139240506
0 0.30819774718397996 0.5425776754890679 0.017521902377972465 0.05063291139240506
0 0.32196495619524407 0.5356731875719217 0.009386733416770964 0.03682393555811277
0 0.32196495619524407 0.5356731875719217 0.009386733416770964 0.03682393555811277
0 0.3460575719649562 0.5425776754890679 0.009386733416770964 0.026467203682393557
0 0.3460575719649562 0.5425776754890679 0.009386733416770964 0.026467203682393557
0 0.25876095118898623 0.5195627157652474 0.008135168961201502 0.023014959723820484
0 0.25876095118898623 0.5195627157652474 0.008135168961201502 0.023014959723820484
0 0.32102628285356694 0.5368239355581128 0.012515644555694618 0.0333716915995397
0 0.32102628285356694 0.5368239355581128 0.012515644555694618 0.0333716915995397
0 0.3541927409261577 0.549482163406214 0.013141426783479349 0.03222094361334868
0 0.3541927409261577 0.549482163406214 0.013141426783479349 0.03222094361334868
0 0.37484355444305384 0.5489067894131185 0.023779724655819776 0.0379746835443038
0 0.37484355444305384 0.5489067894131185 0.023779724655819776 0.0379746835443038
0 0.3958072590738423 0.5500575373993095 0.009386733416770964 0.031070195627157654
0 0.3958072590738423 0.5500575373993095 0.009386733416770964 0.031070195627157654
0 0.5369211514392991 0.5771001150747986 0.008135168961201502 0.04602991944764097
0 0.5369211514392991 0.5771001150747986 0.008135168961201502 0.04602991944764097
0 0.6573842302878599 0.546029919447641 0.008135168961201502 0.031070195627157654
0 0.6573842302878599 0.546029919447641 0.008135168961201502 0.031070195627157654
0 0.695244055068836 0.5402761795166858 0.009386733416770964 0.03452243958573072
0 0.695244055068836 0.5402761795166858 0.009386733416770964 0.03452243958573072
0 0.7030663329161452 0.5373993095512083 0.010638297872340425 0.02991944764096663
0 0.7030663329161452 0.5373993095512083 0.010638297872340425 0.02991944764096663
0 0.6758448060075094 0.6518987341772152 0.007509386733416771 0.03222094361334868
0 0.6758448060075094 0.6518987341772152 0.007509386733416771 0.03222094361334868
0 0.6673967459324155 0.6530494821634062 0.008135168961201502 0.024165707710011506
0 0.6673967459324155 0.6530494821634062 0.008135168961201502 0.024165707710011506
0 0.2872340425531915 0.6380897583429229 0.013141426783479349 0.03567318757192175
0 0.2872340425531915 0.6380897583429229 0.013141426783479349 0.03567318757192175
0 0.27409261576971217 0.6386651323360184 0.016270337922403004 0.03452243958573072
0 0.27409261576971217 0.6386651323360184 0.016270337922403004 0.03452243958573072