0 0.5857321652065082 0.47410817031070196 0.015644555694618274 0.05753739930955121
0 0.5857321652065082 0.47410817031070196 0.015644555694618274 0.05753739930955121
0 0.7459324155193993 0.4194476409666283 0.04943679599499374 0.06789413118527042
0 0.7459324155193993 0.4194476409666283 0.04943679599499374 0.06789413118527042
0 0.7162077596996246 0.43095512082853854 0.005632040050062578 0.02761795166858458
0 0.7162077596996246 0.43095512082853854 0.005632040050062578 0.02761795166858458
0 0.7130788485607009 0.5529344073647872 0.010638297872340425 0.019562715765247412
0 0.7130788485607009 0.5529344073647872 0.010638297872340425 0.019562715765247412
0 0.7086983729662077 0.5569620253164557 0.00688360450563204 0.028768699654775604
0 0.7086983729662077 0.5569620253164557 0.00688360450563204 0.028768699654775604
0 0.6486232790988736 0.5828538550057537 0.009386733416770964 0.02991944764096663
0 0.6486232790988736 0.5828538550057537 0.009386733416770964 0.02991944764096663
0 0.603566958698373 0.5868814729574223 0.008760951188986232 0.03567318757192175
0 0.603566958698373 0.5868814729574223 0.008760951188986232 0.03567318757192175
0 0.33948685857321653 0.5995397008055235 0.05944931163954944 0.09781357882623705
0 0.33948685857321653 0.5995397008055235 0.05944931163954944 0.09781357882623705
0 0.24155193992490614 0.5207134637514385 0.02753441802252816 0.039125431530494824
0 0.24155193992490614 0.5207134637514385 0.02753441802252816 0.039125431530494824