0 0.21151439299123906 0.4769850402761795 0.015018773466833541 0.04833141542002301
0 0.21151439299123906 0.4769850402761795 0.015018773466833541 0.04833141542002301
0 0.3316645807259074 0.5063291139240507 0.008135168961201502 0.023014959723820484
0 0.3316645807259074 0.5063291139240507 0.008135168961201502 0.023014959723820484
0 0.3967459324155194 0.4907940161104718 0.013141426783479349 0.06214039125431531
0 0.3967459324155194 0.4907940161104718 0.013141426783479349 0.06214039125431531
0 0.5469336670838548 0.4907940161104718 0.010638297872340425 0.04027617951668585
0 0.5469336670838548 0.4907940161104718 0.010638297872340425 0.04027617951668585
0 0.5697747183979975 0.4522439585730725 0.03504380475594493 0.04142692750287687
0 0.5697747183979975 0.4522439585730725 0.03504380475594493 0.04142692750287687
0 0.5948060075093867 0.47871116225546606 0.026282853566958697 0.05523590333716916
0 0.5948060075093867 0.47871116225546606 0.026282853566958697 0.05523590333716916
0 0.6968085106382979 0.46029919447640966 0.015018773466833541 0.0379746835443038
0 0.6968085106382979 0.46029919447640966 0.015018773466833541 0.0379746835443038
0 0.7152690863579474 0.48849252013808975 0.01939924906132666 0.05753739930955121
0 0.7152690863579474 0.48849252013808975 0.01939924906132666 0.05753739930955121
0 0.7240300375469336 0.6012658227848101 0.010012515644555695 0.0333716915995397
0 0.7240300375469336 0.6012658227848101 0.010012515644555695 0.0333716915995397
0 0.5894868585732165 0.6104718066743383 0.007509386733416771 0.02991944764096663
0 0.5894868585732165 0.6104718066743383 0.007509386733416771 0.02991944764096663
0 0.5810387984981227 0.6075949367088608 0.010638297872340425 0.05178365937859609
0 0.5810387984981227 0.6075949367088608 0.010638297872340425 0.05178365937859609
0 0.3948685857321652 0.6173762945914845 0.008135168961201502 0.0379746835443038
0 0.3948685857321652 0.6173762945914845 0.008135168961201502 0.0379746835443038
0 0.34856070087609514 0.6265822784810127 0.007509386733416771 0.028768699654775604
0 0.34856070087609514 0.6265822784810127 0.007509386733416771 0.028768699654775604
0 0.24843554443053817 0.6052934407364787 0.023153942428035045 0.04372842347525892