0 0.14737171464330412 0.4562715765247411 0.011264080100125156 0.04372842347525892
0 0.14737171464330412 0.4562715765247411 0.011264080100125156 0.04372842347525892
0 0.2202753441802253 0.5362485615650172 0.017521902377972465 0.03222094361334868
0 0.2202753441802253 0.5362485615650172 0.017521902377972465 0.03222094361334868
0 0.23341677096370464 0.5293440736478712 0.014392991239048811 0.04027617951668585
0 0.23341677096370464 0.5293440736478712 0.014392991239048811 0.04027617951668585
0 0.630162703379224 0.49252013808975836 0.0425531914893617 0.06559263521288838
0 0.630162703379224 0.49252013808975836 0.0425531914893617 0.06559263521288838
0 0.24687108886107634 0.6605293440736478 0.007509386733416771 0.028768699654775604
0 0.24687108886107634 0.6605293440736478 0.007509386733416771 0.028768699654775604
0 0.16520650813516896 0.6231300345224395 0.023153942428035045 0.047180667433831994