0 0.21370463078848562 0.46029919447640966 0.018147684605757195 0.024165707710011506
0 0.21370463078848562 0.46029919447640966 0.018147684605757195 0.024165707710011506
0 0.2712765957446808 0.5230149597238205 0.010012515644555695 0.02761795166858458
0 0.2712765957446808 0.5230149597238205 0.010012515644555695 0.02761795166858458
0 0.6479974968710889 0.5517836593785961 0.01939924906132666 0.05983889528193326
0 0.6479974968710889 0.5517836593785961 0.01939924906132666 0.05983889528193326
0 0.7356070087609512 0.4896432681242808 0.03379224030037547 0.05868814729574223
0 0.7356070087609512 0.4896432681242808 0.03379224030037547 0.05868814729574223
0 0.7049436795994993 0.5276179516685846 0.007509386733416771 0.020713463751438434
0 0.7049436795994993 0.5276179516685846 0.007509386733416771 0.020713463751438434
0 0.7096370463078848 0.5247410817031071 0.007509386733416771 0.026467203682393557
0 0.7096370463078848 0.5247410817031071 0.007509386733416771 0.026467203682393557
0 0.733729662077597 0.6029919447640967 0.06445556946182729 0.09436133486766399
0 0.733729662077597 0.6029919447640967 0.06445556946182729 0.09436133486766399
0 0.6911764705882353 0.6444188722669736 0.04693366708385482 0.08515535097813579
0 0.6911764705882353 0.6444188722669736 0.04693366708385482 0.08515535097813579
0 0.6573842302878599 0.6254315304948216 0.010638297872340425 0.0333716915995397
0 0.6573842302878599 0.6254315304948216 0.010638297872340425 0.0333716915995397
0 0.6520650813516896 0.6628308400460299 0.011889862327909888 0.023014959723820484
0 0.6520650813516896 0.6628308400460299 0.011889862327909888 0.023014959723820484
0 0.6264080100125157 0.6772151898734177 0.011264080100125156 0.02186421173762946
0 0.6264080100125157 0.6772151898734177 0.011264080100125156 0.02186421173762946
0 0.6179599499374218 0.6812428078250863 0.009386733416770964 0.03567318757192175
0 0.6179599499374218 0.6812428078250863 0.009386733416770964 0.03567318757192175
0 0.3795369211514393 0.6864211737629459 0.013141426783479349 0.04833141542002301
0 0.3795369211514393 0.6864211737629459 0.013141426783479349 0.04833141542002301
0 0.3688986232790989 0.6829689298043728 0.010638297872340425 0.04027617951668585
0 0.3688986232790989 0.6829689298043728 0.010638297872340425 0.04027617951668585
0 0.3448060075093867 0.6651323360184119 0.014392991239048811 0.0333716915995397
0 0.3448060075093867 0.6651323360184119 0.014392991239048811 0.0333716915995397