0 0.28035043804755944 0.4953970080552359 0.011889862327909888 0.03452243958573072
0 0.28035043804755944 0.4953970080552359 0.011889862327909888 0.03452243958573072
0 0.33291614518147683 0.5092059838895282 0.010012515644555695 0.031070195627157654
0 0.33291614518147683 0.5092059838895282 0.010012515644555695 0.031070195627157654
0 0.7024405506883604 0.6737629459148446 0.011889862327909888 0.019562715765247412
0 0.7024405506883604 0.6737629459148446 0.011889862327909888 0.019562715765247412
0 0.6311013767209012 0.6766398158803222 0.025031289111389236 0.0713463751438435
0 0.6311013767209012 0.6766398158803222 0.025031289111389236 0.0713463751438435
0 0.40644555694618273 0.6513233601841196 0.015018773466833541 0.04487917146144994
0 0.40644555694618273 0.6513233601841196 0.015018773466833541 0.04487917146144994
0 0.3742177722152691 0.6472957422324511 0.016896120150187734 0.05638665132336018
0 0.3742177722152691 0.6472957422324511 0.016896120150187734 0.05638665132336018
0 0.31070087609511887 0.6542002301495973 0.01376720901126408 0.06789413118527042
0 0.31070087609511887 0.6542002301495973 0.01376720901126408 0.06789413118527042
0 0.22183979974968712 0.5857307249712314 0.02190237797246558 0.024165707710011506