0 0.2672090112640801 0.4856156501726122 0.007509386733416771 0.01611047180667434
0 0.2672090112640801 0.4856156501726122 0.007509386733416771 0.01611047180667434
0 0.3094493116395494 0.4873417721518987 0.007509386733416771 0.023014959723820484
0 0.3094493116395494 0.4873417721518987 0.007509386733416771 0.023014959723820484
0 0.3194618272841051 0.49597238204833144 0.012515644555694618 0.02531645569620253
0 0.3194618272841051 0.49597238204833144 0.012515644555694618 0.02531645569620253
0 0.6420525657071339 0.5143843498273878 0.012515644555694618 0.04027617951668585
0 0.6420525657071339 0.5143843498273878 0.012515644555694618 0.04027617951668585
0 0.681476846057572 0.5327963176064442 0.013141426783479349 0.04372842347525892
0 0.681476846057572 0.5327963176064442 0.013141426783479349 0.04372842347525892
0 0.7237171464330413 0.5172612197928653 0.023779724655819776 0.05178365937859609
0 0.7237171464330413 0.5172612197928653 0.023779724655819776 0.05178365937859609
0 0.7612640801001251 0.5759493670886076 0.012515644555694618 0.02531645569620253
0 0.7612640801001251 0.5759493670886076 0.012515644555694618 0.02531645569620253
0 0.3316645807259074 0.6628308400460299 0.011264080100125156 0.039125431530494824
0 0.3316645807259074 0.6628308400460299 0.011264080100125156 0.039125431530494824
0 0.31789737171464333 0.6731875719217492 0.012515644555694618 0.03682393555811277
0 0.31789737171464333 0.6731875719217492 0.012515644555694618 0.03682393555811277
0 0.18961201501877348 0.5287686996547756 0.0344180225281602 0.05178365937859609