0 0.33053482587064675 0.49502487562189057 0.026119402985074626 0.05845771144278607
0 0.33053482587064675 0.49502487562189057 0.026119402985074626 0.05845771144278607
0 0.388681592039801 0.6237562189054726 0.013059701492537313 0.029850746268656716
0 0.388681592039801 0.6237562189054726 0.013059701492537313 0.029850746268656716
0 0.45180348258706465 0.5342039800995025 0.021144278606965175 0.03731343283582089
0 0.45180348258706465 0.5342039800995025 0.021144278606965175 0.03731343283582089
0 0.48196517412935325 0.5559701492537313 0.03233830845771144 0.053482587064676616
0 0.48196517412935325 0.5559701492537313 0.03233830845771144 0.053482587064676616
0 0.5115049751243781 0.554726368159204 0.023009950248756218 0.04975124378109453
0 0.5115049751243781 0.554726368159204 0.023009950248756218 0.04975124378109453
0 0.5310945273631841 0.5485074626865671 0.008706467661691543 0.04228855721393035
0 0.5310945273631841 0.5485074626865671 0.008706467661691543 0.04228855721393035
0 0.5410447761194029 0.5466417910447762 0.008706467661691543 0.03731343283582089
0 0.5410447761194029 0.5466417910447762 0.008706467661691543 0.03731343283582089
0 0.5603233830845771 0.5317164179104478 0.004975124378109453 0.026119402985074626
0 0.5603233830845771 0.5317164179104478 0.004975124378109453 0.026119402985074626
0 0.6166044776119403 0.5099502487562189 0.013681592039800995 0.0472636815920398
0 0.6166044776119403 0.5099502487562189 0.013681592039800995 0.0472636815920398
0 0.5945273631840796 0.5093283582089553 0.009950248756218905 0.03233830845771144
0 0.5945273631840796 0.5093283582089553 0.009950248756218905 0.03233830845771144
0 0.650497512437811 0.48880597014925375 0.008706467661691543 0.028606965174129355
0 0.650497512437811 0.48880597014925375 0.008706467661691543 0.028606965174129355
0 0.6246890547263682 0.5068407960199005 0.009950248756218905 0.02736318407960199
0 0.6246890547263682 0.5068407960199005 0.009950248756218905 0.02736318407960199
0 0.7008706467661692 0.4552238805970149 0.011194029850746268 0.033582089552238806
0 0.7008706467661692 0.4552238805970149 0.011194029850746268 0.033582089552238806
0 0.7639925373134329 0.4228855721393035 0.024253731343283583 0.02736318407960199
0 0.7639925373134329 0.4228855721393035 0.024253731343283583 0.02736318407960199
0 0.662002487562189 0.5963930348258707 0.04664179104477612 0.08582089552238806
0 0.662002487562189 0.5963930348258707 0.04664179104477612 0.08582089552238806
0 0.6321517412935324 0.611318407960199 0.012437810945273632 0.029850746268656716
0 0.6321517412935324 0.611318407960199 0.012437810945273632 0.029850746268656716
0 0.6097636815920398 0.6069651741293532 0.008706467661691543 0.028606965174129355
0 0.6097636815920398 0.6069651741293532 0.008706467661691543 0.028606965174129355
0 0.6026119402985075 0.6094527363184079 0.007462686567164179 0.022388059701492536