0 0.39718482252141984 0.515527950310559 0.012239902080783354 0.0422360248447205
0 0.39718482252141984 0.515527950310559 0.012239902080783354 0.0422360248447205
0 0.36658506731946144 0.5869565217391305 0.033047735618115054 0.06335403726708075
0 0.36658506731946144 0.5869565217391305 0.033047735618115054 0.06335403726708075
0 0.47949816401468787 0.6503105590062112 0.05263157894736842 0.07204968944099378
0 0.47949816401468787 0.6503105590062112 0.05263157894736842 0.07204968944099378
0 0.5104039167686658 0.6515527950310559 0.00795593635250918 0.034782608695652174
0 0.5104039167686658 0.6515527950310559 0.00795593635250918 0.034782608695652174
0 0.9054467564259486 0.5484472049689441 0.028151774785801713 0.06086956521739131
0 0.9054467564259486 0.5484472049689441 0.028151774785801713 0.06086956521739131
0 0.8938188494492044 0.45590062111801244 0.033047735618115054 0.06583850931677018
0 0.8938188494492044 0.45590062111801244 0.033047735618115054 0.06583850931677018
0 0.8635250917992656 0.4745341614906832 0.012239902080783354 0.03850931677018633
0 0.8635250917992656 0.4745341614906832 0.012239902080783354 0.03850931677018633
0 0.5171358629130967 0.55527950310559 0.012239902080783354 0.02981366459627329
0 0.5171358629130967 0.55527950310559 0.012239902080783354 0.02981366459627329
0 0.47674418604651164 0.5447204968944099 0.009791921664626682 0.043478260869565216