0 0.32456140350877194 0.43866171003717475 0.012280701754385965 0.027881040892193308
0 0.32456140350877194 0.43866171003717475 0.012280701754385965 0.027881040892193308
0 0.34517543859649125 0.43866171003717475 0.0035087719298245615 0.01858736059479554
0 0.34517543859649125 0.43866171003717475 0.0035087719298245615 0.01858736059479554
0 0.6346491228070176 0.525092936802974 0.007894736842105263 0.03345724907063197
0 0.6346491228070176 0.525092936802974 0.007894736842105263 0.03345724907063197
0 0.6241228070175439 0.5278810408921933 0.007894736842105263 0.026022304832713755
0 0.6241228070175439 0.5278810408921933 0.007894736842105263 0.026022304832713755
0 0.35657894736842105 0.5195167286245354 0.008771929824561403 0.02973977695167286
0 0.35657894736842105 0.5195167286245354 0.008771929824561403 0.02973977695167286
0 0.3846491228070175 0.5157992565055762 0.008771929824561403 0.01486988847583643
0 0.3846491228070175 0.5157992565055762 0.008771929824561403 0.01486988847583643