0 0.3360450563204005 0.523590333716916 0.012515644555694618 0.0379746835443038
0 0.3360450563204005 0.523590333716916 0.012515644555694618 0.0379746835443038
0 0.4449311639549437 0.5218642117376294 0.010638297872340425 0.047180667433831994
0 0.4449311639549437 0.5218642117376294 0.010638297872340425 0.047180667433831994
0 0.45337922403003755 0.5230149597238205 0.010638297872340425 0.04372842347525892
0 0.45337922403003755 0.5230149597238205 0.010638297872340425 0.04372842347525892
0 0.4903003754693367 0.5425776754890679 0.011889862327909888 0.0379746835443038
0 0.4903003754693367 0.5425776754890679 0.011889862327909888 0.0379746835443038
0 0.6758448060075094 0.5293440736478712 0.0050062578222778474 0.024165707710011506
0 0.6758448060075094 0.5293440736478712 0.0050062578222778474 0.024165707710011506
0 0.5866708385481852 0.6288837744533947 0.00688360450563204 0.020713463751438434
0 0.5866708385481852 0.6288837744533947 0.00688360450563204 0.020713463751438434