0 0.2772215269086358 0.45454545454545453 0.01877346683354193 0.03452243958573072
0 0.2772215269086358 0.45454545454545453 0.01877346683354193 0.03452243958573072
0 0.3238423028785982 0.5126582278481012 0.041927409261576974 0.047180667433831994
0 0.3238423028785982 0.5126582278481012 0.041927409261576974 0.047180667433831994
0 0.360450563204005 0.5195627157652474 0.026282853566958697 0.05523590333716916
0 0.360450563204005 0.5195627157652474 0.026282853566958697 0.05523590333716916
0 0.5294117647058824 0.5638665132336018 0.011889862327909888 0.039125431530494824
0 0.5294117647058824 0.5638665132336018 0.011889862327909888 0.039125431530494824
0 0.5713391739674594 0.5609896432681243 0.01376720901126408 0.04602991944764097
0 0.5713391739674594 0.5609896432681243 0.01376720901126408 0.04602991944764097
0 0.6698998748435544 0.5333716915995397 0.02252816020025031 0.0667433831990794
0 0.6698998748435544 0.5333716915995397 0.02252816020025031 0.0667433831990794
0 0.7171464330413017 0.49769850402761795 0.009386733416770964 0.02186421173762946
0 0.7171464330413017 0.49769850402761795 0.009386733416770964 0.02186421173762946
0 0.6567584480600751 0.6415420023014959 0.008760951188986232 0.014959723820483314
0 0.6567584480600751 0.6415420023014959 0.008760951188986232 0.014959723820483314
0 0.6476846057571964 0.64614499424626 0.008135168961201502 0.012658227848101266
0 0.6476846057571964 0.64614499424626 0.008135168961201502 0.012658227848101266