0 0.379436964504284 0.5024844720496895 0.006731946144430845 0.02360248447204969
0 0.379436964504284 0.5024844720496895 0.006731946144430845 0.02360248447204969
0 0.7120563035495716 0.5254658385093167 0.0073439412484700125 0.01987577639751553
0 0.7120563035495716 0.5254658385093167 0.0073439412484700125 0.01987577639751553
0 0.7512239902080783 0.4832298136645963 0.01835985312117503 0.037267080745341616
0 0.7512239902080783 0.4832298136645963 0.01835985312117503 0.037267080745341616
0 0.7163402692778458 0.6540372670807454 0.012851897184822521 0.02608695652173913
0 0.7163402692778458 0.6540372670807454 0.012851897184822521 0.02608695652173913
0 0.7267441860465116 0.6484472049689441 0.006731946144430845 0.01987577639751553
0 0.7267441860465116 0.6484472049689441 0.006731946144430845 0.01987577639751553
0 0.6698286413708691 0.6695652173913044 0.0073439412484700125 0.02111801242236025
0 0.6698286413708691 0.6695652173913044 0.0073439412484700125 0.02111801242236025
0 0.6276009791921665 0.6993788819875777 0.0036719706242350062 0.018633540372670808
0 0.6276009791921665 0.6993788819875777 0.0036719706242350062 0.018633540372670808