0 0.31852315394242803 0.5540851553509781 0.008760951188986232 0.026467203682393557
0 0.31852315394242803 0.5540851553509781 0.008760951188986232 0.026467203682393557
0 0.34105131414267836 0.5552359033371692 0.008135168961201502 0.01726121979286536
0 0.34105131414267836 0.5552359033371692 0.008135168961201502 0.01726121979286536
0 0.41551939924906134 0.5863060989643268 0.010012515644555695 0.0333716915995397
0 0.41551939924906134 0.5863060989643268 0.010012515644555695 0.0333716915995397
0 0.4067584480600751 0.5868814729574223 0.008760951188986232 0.03567318757192175
0 0.4067584480600751 0.5868814729574223 0.008760951188986232 0.03567318757192175
0 0.6439299123904881 0.5189873417721519 0.010012515644555695 0.026467203682393557
0 0.6439299123904881 0.5189873417721519 0.010012515644555695 0.026467203682393557
0 0.6714643304130162 0.6380897583429229 0.02002503128911139 0.04372842347525892
0 0.6714643304130162 0.6380897583429229 0.02002503128911139 0.04372842347525892
0 0.6589486858573217 0.6398158803222095 0.010012515644555695 0.02761795166858458
0 0.6589486858573217 0.6398158803222095 0.010012515644555695 0.02761795166858458
0 0.613892365456821 0.6536248561565017 0.008760951188986232 0.023014959723820484
0 0.613892365456821 0.6536248561565017 0.008760951188986232 0.023014959723820484
0 0.2862953692115144 0.6472957422324511 0.012515644555694618 0.02761795166858458
0 0.2862953692115144 0.6472957422324511 0.012515644555694618 0.02761795166858458
0 0.2759699624530663 0.6363636363636364 0.013141426783479349 0.0333716915995397
0 0.2759699624530663 0.6363636363636364 0.013141426783479349 0.0333716915995397