0 0.32540675844806005 0.4568469505178366 0.023779724655819776 0.05638665132336018
0 0.32540675844806005 0.4568469505178366 0.023779724655819776 0.05638665132336018
0 0.34198998748435544 0.4614499424626007 0.02190237797246558 0.05178365937859609
0 0.34198998748435544 0.4614499424626007 0.02190237797246558 0.05178365937859609
0 0.6082603254067585 0.4953970080552359 0.009386733416770964 0.039125431530494824
0 0.6082603254067585 0.4953970080552359 0.009386733416770964 0.039125431530494824
0 0.6160826032540676 0.4844649021864212 0.010638297872340425 0.03452243958573072
0 0.6160826032540676 0.4844649021864212 0.010638297872340425 0.03452243958573072
0 0.6382978723404256 0.4890678941311853 0.010638297872340425 0.04142692750287687
0 0.6382978723404256 0.4890678941311853 0.010638297872340425 0.04142692750287687
0 0.6479974968710889 0.476409666283084 0.008135168961201502 0.04372842347525892
0 0.6479974968710889 0.476409666283084 0.008135168961201502 0.04372842347525892
0 0.7096370463078848 0.5218642117376294 0.004380475594493116 0.01611047180667434
0 0.7096370463078848 0.5218642117376294 0.004380475594493116 0.01611047180667434
0 0.6639549436795995 0.5598388952819332 0.009386733416770964 0.019562715765247412
0 0.6639549436795995 0.5598388952819332 0.009386733416770964 0.019562715765247412
0 0.6070087609511889 0.5834292289988493 0.005632040050062578 0.019562715765247412
0 0.6070087609511889 0.5834292289988493 0.005632040050062578 0.019562715765247412
0 0.3648310387984981 0.5874568469505178 0.016896120150187734 0.06098964326812428
0 0.3648310387984981 0.5874568469505178 0.016896120150187734 0.06098964326812428
0 0.350125156445557 0.5701956271576525 0.029411764705882353 0.05638665132336018
0 0.350125156445557 0.5701956271576525 0.029411764705882353 0.05638665132336018
0 0.331351689612015 0.5598388952819332 0.008760951188986232 0.014959723820483314
0 0.331351689612015 0.5598388952819332 0.008760951188986232 0.014959723820483314
0 0.31070087609511887 0.5483314154200231 0.015644555694618274 0.039125431530494824
0 0.31070087609511887 0.5483314154200231 0.015644555694618274 0.039125431530494824
0 0.2969336670838548 0.546029919447641 0.018147684605757195 0.03452243958573072
0 0.2969336670838548 0.546029919447641 0.018147684605757195 0.03452243958573072
0 0.2193366708385482 0.4942462600690449 0.02127659574468085 0.014959723820483314