0 0.3200734394124847 0.6186335403726708 0.01591187270501836 0.058385093167701865
0 0.3200734394124847 0.6186335403726708 0.01591187270501836 0.058385093167701865
0 0.37790697674418605 0.6354037267080745 0.012239902080783354 0.037267080745341616
0 0.37790697674418605 0.6354037267080745 0.012239902080783354 0.037267080745341616
0 0.3953488372093023 0.6341614906832298 0.01040391676866585 0.031055900621118012
0 0.3953488372093023 0.6341614906832298 0.01040391676866585 0.031055900621118012
0 0.6462668298653611 0.6509316770186335 0.05018359853121175 0.07080745341614907
0 0.6462668298653611 0.6509316770186335 0.05018359853121175 0.07080745341614907
0 0.6695226438188494 0.6167701863354037 0.015299877600979192 0.03975155279503106
0 0.6695226438188494 0.6167701863354037 0.015299877600979192 0.03975155279503106
0 0.7163402692778458 0.598136645962733 0.016523867809057527 0.037267080745341616
0 0.7163402692778458 0.598136645962733 0.016523867809057527 0.037267080745341616