0 0.20777233782129742 0.5428571428571428 0.025091799265605876 0.07453416149068323
0 0.20777233782129742 0.5428571428571428 0.025091799265605876 0.07453416149068323
0 0.2181762545899633 0.6409937888198758 0.05018359853121175 0.0422360248447205
0 0.2181762545899633 0.6409937888198758 0.05018359853121175 0.0422360248447205
0 0.2714198286413709 0.65527950310559 0.022031823745410038 0.024844720496894408
0 0.2714198286413709 0.65527950310559 0.022031823745410038 0.024844720496894408
0 0.33108935128518974 0.5813664596273292 0.00795593635250918 0.024844720496894408
0 0.33108935128518974 0.5813664596273292 0.00795593635250918 0.024844720496894408
0 0.36689106487148104 0.6714285714285714 0.01040391676866585 0.02608695652173913
0 0.36689106487148104 0.6714285714285714 0.01040391676866585 0.02608695652173913
0 0.658812729498164 0.5900621118012422 0.022031823745410038 0.05341614906832298
0 0.658812729498164 0.5900621118012422 0.022031823745410038 0.05341614906832298
0 0.6811505507955936 0.6720496894409937 0.01040391676866585 0.016149068322981366
0 0.6811505507955936 0.6720496894409937 0.01040391676866585 0.016149068322981366
0 0.6321909424724602 0.593167701863354 0.00795593635250918 0.03229813664596273
0 0.6321909424724602 0.593167701863354 0.00795593635250918 0.03229813664596273
0 0.6502447980416156 0.6720496894409937 0.004283965728274173 0.014906832298136646
0 0.6502447980416156 0.6720496894409937 0.004283965728274173 0.014906832298136646
0 0.7111383108935129 0.662111801242236 0.0073439412484700125 0.016149068322981366