0 0.3990208078335373 0.5602484472049689 0.012239902080783354 0.02732919254658385
0 0.3990208078335373 0.5602484472049689 0.012239902080783354 0.02732919254658385
0 0.6630966952264382 0.5534161490683229 0.017135862913096694 0.0670807453416149
0 0.6630966952264382 0.5534161490683229 0.017135862913096694 0.0670807453416149
0 0.7096083231334149 0.6167701863354037 0.011627906976744186 0.017391304347826087
0 0.7096083231334149 0.6167701863354037 0.011627906976744186 0.017391304347826087
0 0.3656670746634027 0.7037267080745342 0.009791921664626682 0.03229813664596273
0 0.3656670746634027 0.7037267080745342 0.009791921664626682 0.03229813664596273
0 0.32558139534883723 0.6614906832298136 0.04100367197062423 0.08695652173913043
0 0.32558139534883723 0.6614906832298136 0.04100367197062423 0.08695652173913043
0 0.28090575275397794 0.6279503105590062 0.017135862913096694 0.031055900621118012