0 0.31038798498122655 0.546029919447641 0.006257822277847309 0.026467203682393557
0 0.31038798498122655 0.546029919447641 0.006257822277847309 0.026467203682393557
0 0.4971839799749687 0.5736478711162255 0.011264080100125156 0.02991944764096663
0 0.4971839799749687 0.5736478711162255 0.011264080100125156 0.02991944764096663
0 0.6282853566958698 0.5552359033371692 0.006257822277847309 0.02761795166858458
0 0.6282853566958698 0.5552359033371692 0.006257822277847309 0.02761795166858458
0 0.6639549436795995 0.5448791714614499 0.006257822277847309 0.02991944764096663
0 0.6639549436795995 0.5448791714614499 0.006257822277847309 0.02991944764096663
0 0.7077596996245307 0.642692750287687 0.011889862327909888 0.02186421173762946
0 0.7077596996245307 0.642692750287687 0.011889862327909888 0.02186421173762946
0 0.6530037546933667 0.6553509781357882 0.011264080100125156 0.031070195627157654
0 0.6530037546933667 0.6553509781357882 0.011264080100125156 0.031070195627157654
0 0.6448685857321652 0.6582278481012658 0.010012515644555695 0.024165707710011506
0 0.6448685857321652 0.6582278481012658 0.010012515644555695 0.024165707710011506
0 0.6079474342928661 0.6708860759493671 0.007509386733416771 0.026467203682393557
0 0.6079474342928661 0.6708860759493671 0.007509386733416771 0.026467203682393557
0 0.6007509386733417 0.6685845799769851 0.004380475594493116 0.023014959723820484
0 0.6007509386733417 0.6685845799769851 0.004380475594493116 0.023014959723820484
0 0.3426157697121402 0.6570771001150748 0.011889862327909888 0.02531645569620253
0 0.3426157697121402 0.6570771001150748 0.011889862327909888 0.02531645569620253
0 0.28473091364205255 0.64614499424626 0.011889862327909888 0.02991944764096663
0 0.28473091364205255 0.64614499424626 0.011889862327909888 0.02991944764096663
0 0.27471839799749687 0.6398158803222095 0.011264080100125156 0.03222094361334868
0 0.27471839799749687 0.6398158803222095 0.011264080100125156 0.03222094361334868
0 0.2665832290362954 0.5264672036823935 0.012515644555694618 0.023014959723820484