0 0.386780905752754 0.6378881987577639 0.022031823745410038 0.06459627329192547
0 0.386780905752754 0.6378881987577639 0.022031823745410038 0.06459627329192547
0 0.42503059975520197 0.6416149068322982 0.009791921664626682 0.03850931677018633
0 0.42503059975520197 0.6416149068322982 0.009791921664626682 0.03850931677018633
0 0.6689106487148103 0.6677018633540373 0.008567931456548347 0.02857142857142857
0 0.6689106487148103 0.6677018633540373 0.008567931456548347 0.02857142857142857
0 0.7151162790697675 0.6546583850931676 0.019583843329253364 0.04720496894409938
0 0.7151162790697675 0.6546583850931676 0.019583843329253364 0.04720496894409938
0 0.6744186046511628 0.6683229813664596 0.006731946144430845 0.016149068322981366
0 0.6744186046511628 0.6683229813664596 0.006731946144430845 0.016149068322981366
0 0.6814565483476133 0.5726708074534161 0.020195838433292534 0.05714285714285714
0 0.6814565483476133 0.5726708074534161 0.020195838433292534 0.05714285714285714
0 0.6967564259485924 0.575776397515528 0.01040391676866585 0.024844720496894408