0 0.37697715289982425 0.5473977695167286 0.028119507908611598 0.06133828996282528
0 0.37697715289982425 0.5473977695167286 0.028119507908611598 0.06133828996282528
0 0.35676625659050965 0.54182156133829 0.009666080843585237 0.026022304832713755
0 0.35676625659050965 0.54182156133829 0.009666080843585237 0.026022304832713755
0 0.30008787346221444 0.5092936802973977 0.007908611599297012 0.01486988847583643
0 0.30008787346221444 0.5092936802973977 0.007908611599297012 0.01486988847583643
0 0.6067662565905096 0.5306691449814126 0.023725834797891036 0.03345724907063197
0 0.6067662565905096 0.5306691449814126 0.023725834797891036 0.03345724907063197
0 0.7043057996485061 0.5520446096654275 0.012302284710017574 0.022304832713754646
0 0.7043057996485061 0.5520446096654275 0.012302284710017574 0.022304832713754646
0 0.656414762741652 0.5901486988847584 0.011423550087873463 0.022304832713754646
0 0.656414762741652 0.5901486988847584 0.011423550087873463 0.022304832713754646
0 0.3216168717047452 0.6087360594795539 0.015817223198594025 0.027881040892193308
0 0.3216168717047452 0.6087360594795539 0.015817223198594025 0.027881040892193308
0 0.2772407732864675 0.5715613382899628 0.014059753954305799 0.03345724907063197