0 0.24405506883604505 0.498849252013809 0.028160200250312892 0.04833141542002301
0 0.24405506883604505 0.498849252013809 0.028160200250312892 0.04833141542002301
0 0.28191489361702127 0.5149597238204833 0.016896120150187734 0.02761795166858458
0 0.28191489361702127 0.5149597238204833 0.016896120150187734 0.02761795166858458
0 0.3016270337922403 0.520138089758343 0.015644555694618274 0.04833141542002301
0 0.3016270337922403 0.520138089758343 0.015644555694618274 0.04833141542002301
0 0.27972465581977474 0.6093210586881473 0.06445556946182729 0.0759493670886076
0 0.27972465581977474 0.6093210586881473 0.06445556946182729 0.0759493670886076
0 0.3238423028785982 0.6398158803222095 0.036921151439299124 0.05063291139240506
0 0.3238423028785982 0.6398158803222095 0.036921151439299124 0.05063291139240506
0 0.4996871088861076 0.640391254315305 0.013141426783479349 0.04027617951668585
0 0.4996871088861076 0.640391254315305 0.013141426783479349 0.04027617951668585
0 0.5272215269086358 0.6472957422324511 0.010638297872340425 0.028768699654775604
0 0.5272215269086358 0.6472957422324511 0.010638297872340425 0.028768699654775604
0 0.5553817271589487 0.6536248561565017 0.01939924906132666 0.04833141542002301
0 0.5553817271589487 0.6536248561565017 0.01939924906132666 0.04833141542002301
0 0.567584480600751 0.6346375143843498 0.014392991239048811 0.02991944764096663
0 0.567584480600751 0.6346375143843498 0.014392991239048811 0.02991944764096663
0 0.567584480600751 0.5322209436133487 0.010638297872340425 0.02761795166858458
0 0.567584480600751 0.5322209436133487 0.010638297872340425 0.02761795166858458
0 0.5594493116395495 0.5379746835443038 0.0050062578222778474 0.02761795166858458
0 0.5594493116395495 0.5379746835443038 0.0050062578222778474 0.02761795166858458
0 0.6110763454317898 0.5166858457997698 0.015018773466833541 0.03452243958573072
0 0.6110763454317898 0.5166858457997698 0.015018773466833541 0.03452243958573072
0 0.6467459324155194 0.5132336018411968 0.02753441802252816 0.047180667433831994