0 0.188360450563204 0.5287686996547756 0.03879849812265332 0.08515535097813579
0 0.188360450563204 0.5287686996547756 0.03879849812265332 0.08515535097813579
0 0.217459324155194 0.5270425776754891 0.028160200250312892 0.023014959723820484
0 0.217459324155194 0.5270425776754891 0.028160200250312892 0.023014959723820484
0 0.30819774718397996 0.5575373993095513 0.009386733416770964 0.019562715765247412
0 0.30819774718397996 0.5575373993095513 0.009386733416770964 0.019562715765247412
0 0.30100125156445556 0.5563866513233602 0.005632040050062578 0.02186421173762946
0 0.30100125156445556 0.5563866513233602 0.005632040050062578 0.02186421173762946
0 0.6298498122653317 0.5443037974683544 0.029411764705882353 0.0713463751438435
0 0.6298498122653317 0.5443037974683544 0.029411764705882353 0.0713463751438435
0 0.7672090112640801 0.5207134637514385 0.040675844806007506 0.07364787111622555
0 0.7672090112640801 0.5207134637514385 0.040675844806007506 0.07364787111622555
0 0.7324780976220275 0.503452243958573 0.011889862327909888 0.023014959723820484
0 0.7324780976220275 0.503452243958573 0.011889862327909888 0.023014959723820484
0 0.7403003754693367 0.6300345224395857 0.004380475594493116 0.019562715765247412
0 0.7403003754693367 0.6300345224395857 0.004380475594493116 0.019562715765247412
0 0.6902377972465582 0.6518987341772152 0.008760951188986232 0.02186421173762946
0 0.6902377972465582 0.6518987341772152 0.008760951188986232 0.02186421173762946
0 0.6799123904881101 0.6547756041426928 0.010012515644555695 0.02761795166858458
0 0.6799123904881101 0.6547756041426928 0.010012515644555695 0.02761795166858458
0 0.6370463078848561 0.6622554660529344 0.010638297872340425 0.019562715765247412
0 0.6370463078848561 0.6622554660529344 0.010638297872340425 0.019562715765247412
0 0.6282853566958698 0.663981588032221 0.009386733416770964 0.023014959723820484
0 0.6282853566958698 0.663981588032221 0.009386733416770964 0.023014959723820484
0 0.5988735919899875 0.6691599539700805 0.008135168961201502 0.020713463751438434
0 0.5988735919899875 0.6691599539700805 0.008135168961201502 0.020713463751438434
0 0.2715894868585732 0.6553509781357882 0.010638297872340425 0.024165707710011506