0 0.37454100367197063 0.5608695652173913 0.011015911872705019 0.031055900621118012
0 0.37454100367197063 0.5608695652173913 0.011015911872705019 0.031055900621118012
0 0.6086291309669523 0.515527950310559 0.030599755201958383 0.04472049689440994
0 0.6086291309669523 0.515527950310559 0.030599755201958383 0.04472049689440994
0 0.7454100367197063 0.5006211180124224 0.00795593635250918 0.031055900621118012
0 0.7454100367197063 0.5006211180124224 0.00795593635250918 0.031055900621118012
0 0.38922888616891066 0.6795031055900621 0.009179926560587515 0.02857142857142857
0 0.38922888616891066 0.6795031055900621 0.009179926560587515 0.02857142857142857
0 0.25458996328029376 0.6105590062111801 0.012239902080783354 0.02857142857142857
0 0.25458996328029376 0.6105590062111801 0.012239902080783354 0.02857142857142857
0 0.26193390452876375 0.6161490683229813 0.009791921664626682 0.02236024844720497
0 0.26193390452876375 0.6161490683229813 0.009791921664626682 0.02236024844720497