0 0.2816020025031289 0.5138089758342923 0.02190237797246558 0.0667433831990794
0 0.2816020025031289 0.5138089758342923 0.02190237797246558 0.0667433831990794
0 0.36545682102628285 0.5080552359033371 0.03128911138923655 0.047180667433831994
0 0.36545682102628285 0.5080552359033371 0.03128911138923655 0.047180667433831994
0 0.39612015018773467 0.5172612197928653 0.02690863579474343 0.05293440736478711
0 0.39612015018773467 0.5172612197928653 0.02690863579474343 0.05293440736478711
0 0.43898623279098875 0.5356731875719217 0.009386733416770964 0.03567318757192175
0 0.43898623279098875 0.5356731875719217 0.009386733416770964 0.03567318757192175
0 0.6767834793491865 0.5333716915995397 0.02002503128911139 0.04487917146144994
0 0.6767834793491865 0.5333716915995397 0.02002503128911139 0.04487917146144994
0 0.7015018773466833 0.6553509781357882 0.009386733416770964 0.023014959723820484
0 0.7015018773466833 0.6553509781357882 0.009386733416770964 0.023014959723820484
0 0.6946182728410513 0.6565017261219793 0.006257822277847309 0.026467203682393557
0 0.6946182728410513 0.6565017261219793 0.006257822277847309 0.026467203682393557
0 0.6439299123904881 0.6651323360184119 0.006257822277847309 0.02531645569620253
0 0.6439299123904881 0.6651323360184119 0.006257822277847309 0.02531645569620253
0 0.6354818523153942 0.666283084004603 0.009386733416770964 0.026467203682393557
0 0.6354818523153942 0.666283084004603 0.009386733416770964 0.026467203682393557
0 0.3851689612015019 0.6616800920598389 0.011889862327909888 0.03222094361334868
0 0.3851689612015019 0.6616800920598389 0.011889862327909888 0.03222094361334868
0 0.34730913642052563 0.6657077100115075 0.010638297872340425 0.05523590333716916
0 0.34730913642052563 0.6657077100115075 0.010638297872340425 0.05523590333716916
0 0.29568210262828537 0.6495972382048332 0.015018773466833541 0.03567318757192175
0 0.29568210262828537 0.6495972382048332 0.015018773466833541 0.03567318757192175
0 0.282540675844806 0.6478711162255466 0.012515644555694618 0.03222094361334868
0 0.282540675844806 0.6478711162255466 0.012515644555694618 0.03222094361334868