0 0.29039167686658507 0.49006211180124226 0.017135862913096694 0.049689440993788817
0 0.29039167686658507 0.49006211180124226 0.017135862913096694 0.049689440993788817
0 0.30936352509179926 0.4962732919254658 0.016523867809057527 0.05341614906832298
0 0.30936352509179926 0.4962732919254658 0.016523867809057527 0.05341614906832298
0 0.33384332925336596 0.5118012422360249 0.02937576499388005 0.06832298136645963
0 0.33384332925336596 0.5118012422360249 0.02937576499388005 0.06832298136645963
0 0.3561811505507956 0.5105590062111801 0.017747858017135864 0.03850931677018633
0 0.3561811505507956 0.5105590062111801 0.017747858017135864 0.03850931677018633
0 0.37484700122399023 0.5198757763975155 0.014075887392900856 0.0484472049689441
0 0.37484700122399023 0.5198757763975155 0.014075887392900856 0.0484472049689441
0 0.3849449204406365 0.5360248447204969 0.012239902080783354 0.02608695652173913
0 0.3849449204406365 0.5360248447204969 0.012239902080783354 0.02608695652173913
0 0.4430844553243574 0.546583850931677 0.009179926560587515 0.02236024844720497
0 0.4430844553243574 0.546583850931677 0.009179926560587515 0.02236024844720497
0 0.4669522643818849 0.5602484472049689 0.0073439412484700125 0.05341614906832298
0 0.4669522643818849 0.5602484472049689 0.0073439412484700125 0.05341614906832298
0 0.4944920440636475 0.5770186335403726 0.009791921664626682 0.03975155279503106
0 0.4944920440636475 0.5770186335403726 0.009791921664626682 0.03975155279503106
0 0.5290697674418605 0.5645962732919255 0.01346389228886169 0.06335403726708075
0 0.5290697674418605 0.5645962732919255 0.01346389228886169 0.06335403726708075
0 0.5988372093023255 0.5683229813664596 0.006731946144430845 0.018633540372670808
0 0.5988372093023255 0.5683229813664596 0.006731946144430845 0.018633540372670808
0 0.618421052631579 0.5515527950310559 0.015299877600979192 0.05341614906832298
0 0.618421052631579 0.5515527950310559 0.015299877600979192 0.05341614906832298
0 0.6309669522643819 0.5515527950310559 0.01346389228886169 0.03975155279503106
0 0.6309669522643819 0.5515527950310559 0.01346389228886169 0.03975155279503106
0 0.6499388004895961 0.5422360248447204 0.012851897184822521 0.037267080745341616
0 0.6499388004895961 0.5422360248447204 0.012851897184822521 0.037267080745341616
0 0.7392900856793145 0.531055900621118 0.015299877600979192 0.03354037267080745
0 0.7392900856793145 0.531055900621118 0.015299877600979192 0.03354037267080745
0 0.7861077111383109 0.6285714285714286 0.04100367197062423 0.07080745341614907
0 0.7861077111383109 0.6285714285714286 0.04100367197062423 0.07080745341614907
0 0.7386780905752754 0.6267080745341614 0.018971848225214197 0.02111801242236025
0 0.7386780905752754 0.6267080745341614 0.018971848225214197 0.02111801242236025
0 0.7591799265605875 0.6186335403726708 0.00795593635250918 0.02360248447204969
0 0.7591799265605875 0.6186335403726708 0.00795593635250918 0.02360248447204969
0 0.7050183598531212 0.6453416149068323 0.01591187270501836 0.034782608695652174
0 0.7050183598531212 0.6453416149068323 0.01591187270501836 0.034782608695652174
0 0.7160342717258262 0.6459627329192547 0.011015911872705019 0.03850931677018633
0 0.7160342717258262 0.6459627329192547 0.011015911872705019 0.03850931677018633
0 0.6869645042839657 0.6559006211180124 0.018971848225214197 0.009937888198757764
0 0.6869645042839657 0.6559006211180124 0.018971848225214197 0.009937888198757764
0 0.6621787025703795 0.6645962732919255 0.009179926560587515 0.02857142857142857
0 0.6621787025703795 0.6645962732919255 0.009179926560587515 0.02857142857142857
0 0.6533047735618115 0.6664596273291925 0.0073439412484700125 0.02236024844720497
0 0.6533047735618115 0.6664596273291925 0.0073439412484700125 0.02236024844720497
0 0.3503671970624235 0.632919254658385 0.009179926560587515 0.02236024844720497
0 0.3503671970624235 0.632919254658385 0.009179926560587515 0.02236024844720497
0 0.2974296205630355 0.6192546583850932 0.01346389228886169 0.02608695652173913
0 0.2974296205630355 0.6192546583850932 0.01346389228886169 0.02608695652173913
0 0.28671970624235005 0.6149068322981367 0.009791921664626682 0.024844720496894408
0 0.28671970624235005 0.6149068322981367 0.009791921664626682 0.024844720496894408
0 0.24296205630354958 0.5888198757763975 0.012851897184822521 0.02732919254658385