0 0.4327768014059754 0.47862453531598514 0.009666080843585237 0.03717472118959108
0 0.4327768014059754 0.47862453531598514 0.009666080843585237 0.03717472118959108
0 0.6559753954305799 0.44888475836431224 0.03954305799648506 0.05390334572490706
0 0.6559753954305799 0.44888475836431224 0.03954305799648506 0.05390334572490706
0 0.7311072056239016 0.5464684014869888 0.01757469244288225 0.040892193308550186
0 0.7311072056239016 0.5464684014869888 0.01757469244288225 0.040892193308550186
0 0.7214411247803163 0.5539033457249071 0.014938488576449912 0.05762081784386617
0 0.7214411247803163 0.5539033457249071 0.014938488576449912 0.05762081784386617
0 0.6766256590509666 0.5697026022304833 0.009666080843585237 0.022304832713754646
0 0.6766256590509666 0.5697026022304833 0.009666080843585237 0.022304832713754646
0 0.3365553602811951 0.5678438661710037 0.040421792618629174 0.02973977695167286