0 0.24217772215269087 0.4919447640966628 0.023153942428035045 0.04027617951668585
0 0.24217772215269087 0.4919447640966628 0.023153942428035045 0.04027617951668585
0 0.27409261576971217 0.49136939010356734 0.010638297872340425 0.04142692750287687
0 0.27409261576971217 0.49136939010356734 0.010638297872340425 0.04142692750287687
0 0.28473091364205255 0.5040276179516686 0.015018773466833541 0.04602991944764097
0 0.28473091364205255 0.5040276179516686 0.015018773466833541 0.04602991944764097
0 0.32478097622027535 0.5086306098964327 0.006257822277847309 0.01726121979286536
0 0.32478097622027535 0.5086306098964327 0.006257822277847309 0.01726121979286536
0 0.33229036295369213 0.5304948216340621 0.00688360450563204 0.02186421173762946
0 0.33229036295369213 0.5304948216340621 0.00688360450563204 0.02186421173762946
0 0.36107634543178974 0.5540851553509781 0.008760951188986232 0.01611047180667434
0 0.36107634543178974 0.5540851553509781 0.008760951188986232 0.01611047180667434
0 0.48247809762202754 0.5834292289988493 0.0050062578222778474 0.019562715765247412
0 0.48247809762202754 0.5834292289988493 0.0050062578222778474 0.019562715765247412
0 0.4899874843554443 0.5834292289988493 0.00688360450563204 0.020713463751438434
0 0.4899874843554443 0.5834292289988493 0.00688360450563204 0.020713463751438434
0 0.5168961201501877 0.5805523590333717 0.00688360450563204 0.024165707710011506
0 0.5168961201501877 0.5805523590333717 0.00688360450563204 0.024165707710011506
0 0.6123279098873592 0.5540851553509781 0.009386733416770964 0.031070195627157654
0 0.6123279098873592 0.5540851553509781 0.009386733416770964 0.031070195627157654
0 0.6307884856070087 0.5402761795166858 0.023153942428035045 0.06214039125431531
0 0.6307884856070087 0.5402761795166858 0.023153942428035045 0.06214039125431531
0 0.648936170212766 0.5184119677790564 0.011889862327909888 0.024165707710011506
0 0.648936170212766 0.5184119677790564 0.011889862327909888 0.024165707710011506
0 0.6846057571964956 0.5253164556962026 0.02252816020025031 0.05868814729574223
0 0.6846057571964956 0.5253164556962026 0.02252816020025031 0.05868814729574223
0 0.7293491864831039 0.4965477560414269 0.02690863579474343 0.0667433831990794
0 0.7293491864831039 0.4965477560414269 0.02690863579474343 0.0667433831990794
0 0.7478097622027534 0.6006904487917146 0.007509386733416771 0.012658227848101266
0 0.7478097622027534 0.6006904487917146 0.007509386733416771 0.012658227848101266
0 0.6614518147684606 0.6501726121979287 0.015018773466833541 0.02531645569620253
0 0.6614518147684606 0.6501726121979287 0.015018773466833541 0.02531645569620253
0 0.42177722152690866 0.6823935558112774 0.00688360450563204 0.024165707710011506
0 0.42177722152690866 0.6823935558112774 0.00688360450563204 0.024165707710011506
0 0.3613892365456821 0.6346375143843498 0.008135168961201502 0.028768699654775604
0 0.3613892365456821 0.6346375143843498 0.008135168961201502 0.028768699654775604
0 0.35387984981226533 0.6283084004602992 0.013141426783479349 0.0333716915995397
0 0.35387984981226533 0.6283084004602992 0.013141426783479349 0.0333716915995397
0 0.2878598247809762 0.6024165707710012 0.05006257822277847 0.07019562715765247
0 0.2878598247809762 0.6024165707710012 0.05006257822277847 0.07019562715765247