0 0.24173806609547124 0.5677018633540373 0.03488372093023256 0.07701863354037267
0 0.24173806609547124 0.5677018633540373 0.03488372093023256 0.07701863354037267
0 0.26774785801713585 0.5695652173913044 0.016523867809057527 0.03602484472049689
0 0.26774785801713585 0.5695652173913044 0.016523867809057527 0.03602484472049689
0 0.3268053855569155 0.6440993788819875 0.044063647490820076 0.02857142857142857
0 0.3268053855569155 0.6440993788819875 0.044063647490820076 0.02857142857142857
0 0.6282129742962056 0.5372670807453416 0.015299877600979192 0.05341614906832298
0 0.6282129742962056 0.5372670807453416 0.015299877600979192 0.05341614906832298
0 0.6796205630354957 0.5559006211180124 0.008567931456548347 0.02360248447204969
0 0.6796205630354957 0.5559006211180124 0.008567931456548347 0.02360248447204969
0 0.7114443084455324 0.6602484472049689 0.012239902080783354 0.04472049689440994
0 0.7114443084455324 0.6602484472049689 0.012239902080783354 0.04472049689440994