0 0.46817625458996326 0.6490683229813664 0.02876376988984088 0.0422360248447205
0 0.46817625458996326 0.6490683229813664 0.02876376988984088 0.0422360248447205
0 0.4947980416156671 0.5826086956521739 0.021419828641370868 0.04596273291925466
0 0.4947980416156671 0.5826086956521739 0.021419828641370868 0.04596273291925466
0 0.5140758873929009 0.6521739130434783 0.018971848225214197 0.02857142857142857
0 0.5140758873929009 0.6521739130434783 0.018971848225214197 0.02857142857142857
0 0.7386780905752754 0.6509316770186335 0.009179926560587515 0.03229813664596273
0 0.7386780905752754 0.6509316770186335 0.009179926560587515 0.03229813664596273
0 0.7530599755201959 0.5838509316770186 0.012239902080783354 0.02981366459627329
0 0.7530599755201959 0.5838509316770186 0.012239902080783354 0.02981366459627329
0 0.7711138310893513 0.653416149068323 0.02631578947368421 0.014906832298136646