0 0.2827417380660955 0.5273291925465838 0.028151774785801713 0.07204968944099378
0 0.2827417380660955 0.5273291925465838 0.028151774785801713 0.07204968944099378
0 0.7261321909424725 0.5006211180124224 0.031211750305997554 0.06956521739130435
0 0.7261321909424725 0.5006211180124224 0.031211750305997554 0.06956521739130435
0 0.6474908200734394 0.6204968944099379 0.009179926560587515 0.03975155279503106
0 0.6474908200734394 0.6204968944099379 0.009179926560587515 0.03975155279503106
0 0.6171970624235006 0.6273291925465838 0.008567931456548347 0.03229813664596273
0 0.6171970624235006 0.6273291925465838 0.008567931456548347 0.03229813664596273
0 0.39687882496940025 0.6180124223602484 0.011015911872705019 0.024844720496894408
0 0.39687882496940025 0.6180124223602484 0.011015911872705019 0.024844720496894408
0 0.3870869033047736 0.6204968944099379 0.0073439412484700125 0.017391304347826087
0 0.3870869033047736 0.6204968944099379 0.0073439412484700125 0.017391304347826087