0 0.21777221526908636 0.49712313003452246 0.02065081351689612 0.02761795166858458
0 0.21777221526908636 0.49712313003452246 0.02065081351689612 0.02761795166858458
0 0.23341677096370464 0.498849252013809 0.013141426783479349 0.03567318757192175
0 0.23341677096370464 0.498849252013809 0.013141426783479349 0.03567318757192175
0 0.2719023779724656 0.5184119677790564 0.010638297872340425 0.05178365937859609
0 0.2719023779724656 0.5184119677790564 0.010638297872340425 0.05178365937859609
0 0.28410513141426785 0.520138089758343 0.01376720901126408 0.04142692750287687
0 0.28410513141426785 0.520138089758343 0.01376720901126408 0.04142692750287687
0 0.40644555694618273 0.5391254315304949 0.028785982478097622 0.05178365937859609
0 0.40644555694618273 0.5391254315304949 0.028785982478097622 0.05178365937859609
0 0.7390488110137672 0.5155350978135789 0.026282853566958697 0.05753739930955121
0 0.7390488110137672 0.5155350978135789 0.026282853566958697 0.05753739930955121
0 0.7490613266583229 0.6323360184119677 0.025657071339173967 0.02761795166858458
0 0.7490613266583229 0.6323360184119677 0.025657071339173967 0.02761795166858458
0 0.6673967459324155 0.6507479861910241 0.012515644555694618 0.03452243958573072
0 0.6673967459324155 0.6507479861910241 0.012515644555694618 0.03452243958573072
0 0.6580100125156445 0.6501726121979287 0.009386733416770964 0.028768699654775604
0 0.6580100125156445 0.6501726121979287 0.009386733416770964 0.028768699654775604
0 0.609511889862328 0.6536248561565017 0.011889862327909888 0.0333716915995397
0 0.609511889862328 0.6536248561565017 0.011889862327909888 0.0333716915995397
0 0.5954317897371715 0.6904487917146145 0.025031289111389236 0.03452243958573072
0 0.5954317897371715 0.6904487917146145 0.025031289111389236 0.03452243958573072
0 0.3976846057571965 0.6599539700805523 0.011889862327909888 0.04027617951668585
0 0.3976846057571965 0.6599539700805523 0.011889862327909888 0.04027617951668585
0 0.3498122653316646 0.6455696202531646 0.012515644555694618 0.04372842347525892
0 0.3498122653316646 0.6455696202531646 0.012515644555694618 0.04372842347525892
0 0.33385481852315396 0.6518987341772152 0.016896120150187734 0.06444188722669736
0 0.33385481852315396 0.6518987341772152 0.016896120150187734 0.06444188722669736
0 0.2925531914893617 0.6242807825086306 0.010638297872340425 0.0379746835443038
0 0.2925531914893617 0.6242807825086306 0.010638297872340425 0.0379746835443038
0 0.2831664580725907 0.622554660529344 0.008760951188986232 0.03222094361334868
0 0.2831664580725907 0.622554660529344 0.008760951188986232 0.03222094361334868
0 0.2284105131414268 0.6162255466052935 0.01376720901126408 0.05293440736478711
0 0.2284105131414268 0.6162255466052935 0.01376720901126408 0.05293440736478711
0 0.2093241551939925 0.61795166858458 0.02190237797246558 0.06444188722669736
0 0.2093241551939925 0.61795166858458 0.02190237797246558 0.06444188722669736
0 0.32822277847309134 0.5247410817031071 0.008760951188986232 0.04142692750287687