0 0.36964504283965727 0.5372670807453416 0.02692778457772338 0.05962732919254658
0 0.36964504283965727 0.5372670807453416 0.02692778457772338 0.05962732919254658
0 0.5342717258261934 0.5596273291925465 0.015299877600979192 0.043478260869565216
0 0.5342717258261934 0.5596273291925465 0.015299877600979192 0.043478260869565216
0 0.8880048959608323 0.5987577639751552 0.021419828641370868 0.062111801242236024
0 0.8880048959608323 0.5987577639751552 0.021419828641370868 0.062111801242236024
0 0.9216646266829865 0.5894409937888199 0.037943696450428395 0.08198757763975155
0 0.9216646266829865 0.5894409937888199 0.037943696450428395 0.08198757763975155
0 0.9082007343941249 0.7086956521739131 0.04957160342717258 0.07453416149068323
0 0.9082007343941249 0.7086956521739131 0.04957160342717258 0.07453416149068323
0 0.8742350061199511 0.7124223602484472 0.0073439412484700125 0.02360248447204969
0 0.8742350061199511 0.7124223602484472 0.0073439412484700125 0.02360248447204969
0 0.5305997552019583 0.6832298136645962 0.008567931456548347 0.031055900621118012
0 0.5305997552019583 0.6832298136645962 0.008567931456548347 0.031055900621118012