0 0.40675 0.5660200250312891 0.019 0.030037546933667083
0 0.40675 0.5660200250312891 0.019 0.030037546933667083
0 0.33075 0.5797872340425532 0.0065 0.011889862327909888
0 0.33075 0.5797872340425532 0.0065 0.011889862327909888
0 0.358 0.5935544430538173 0.007 0.014392991239048811
0 0.358 0.5935544430538173 0.007 0.014392991239048811
0 0.39325 0.6026282853566959 0.0065 0.014392991239048811
0 0.39325 0.6026282853566959 0.0065 0.014392991239048811
0 0.39325 0.5563204005006258 0.014 0.03316645807259074
0 0.39325 0.5563204005006258 0.014 0.03316645807259074
0 0.4005 0.6023153942428036 0.0065 0.01939924906132666
0 0.4005 0.6023153942428036 0.0065 0.01939924906132666
0 0.66925 0.5835419274092616 0.007 0.011889862327909888
0 0.66925 0.5835419274092616 0.007 0.011889862327909888
0 0.66325 0.5847934918648311 0.005 0.01376720901126408
0 0.66325 0.5847934918648311 0.005 0.01376720901126408