0 0.2532874139010645 0.45802005012531327 0.030682529743268627 0.09147869674185463
0 0.2532874139010645 0.45802005012531327 0.030682529743268627 0.09147869674185463
0 0.6308703819661866 0.5657894736842105 0.00939261114589856 0.02882205513784461
0 0.6308703819661866 0.5657894736842105 0.00939261114589856 0.02882205513784461
0 0.6509079524107702 0.5494987468671679 0.013775829680651221 0.03132832080200501
0 0.6509079524107702 0.5494987468671679 0.013775829680651221 0.03132832080200501
0 0.6753287413901065 0.5300751879699248 0.040701314965560426 0.05263157894736842
0 0.6753287413901065 0.5300751879699248 0.040701314965560426 0.05263157894736842
0 0.7648716343143394 0.4473684210526316 0.03506574827802129 0.07644110275689223
0 0.7648716343143394 0.4473684210526316 0.03506574827802129 0.07644110275689223
0 0.7410770194113964 0.6290726817042607 0.025046963055729492 0.07393483709273183
0 0.7410770194113964 0.6290726817042607 0.025046963055729492 0.07393483709273183
0 0.7222917971195992 0.649749373433584 0.021289918597370068 0.05513784461152882
0 0.7222917971195992 0.649749373433584 0.021289918597370068 0.05513784461152882
0 0.6856606136505948 0.6791979949874687 0.01628052598622417 0.03634085213032581
0 0.6856606136505948 0.6791979949874687 0.01628052598622417 0.03634085213032581
0 0.656856606136506 0.7048872180451128 0.041953663118346904 0.07017543859649122
0 0.656856606136506 0.7048872180451128 0.041953663118346904 0.07017543859649122
0 0.5923606762680025 0.7055137844611529 0.03005635566687539 0.05012531328320802
0 0.5923606762680025 0.7055137844611529 0.03005635566687539 0.05012531328320802
0 0.5979962429555417 0.7330827067669173 0.006261740763932373 0.016290726817042606
0 0.5979962429555417 0.7330827067669173 0.006261740763932373 0.016290726817042606
0 0.5788979336255479 0.7167919799498746 0.008140262993112084 0.021303258145363407
0 0.5788979336255479 0.7167919799498746 0.008140262993112084 0.021303258145363407
0 0.569818409517846 0.7130325814536341 0.0068879148403256105 0.023809523809523808
0 0.569818409517846 0.7130325814536341 0.0068879148403256105 0.023809523809523808
0 0.41327489041953663 0.6848370927318296 0.012523481527864746 0.03508771929824561
0 0.41327489041953663 0.6848370927318296 0.012523481527864746 0.03508771929824561
0 0.38134001252348154 0.6823308270676691 0.019411396368190358 0.045112781954887216
0 0.38134001252348154 0.6823308270676691 0.019411396368190358 0.045112781954887216
0 0.3231058234189105 0.6409774436090225 0.01628052598622417 0.040100250626566414
0 0.3231058234189105 0.6409774436090225 0.01628052598622417 0.040100250626566414
0 0.31621790857858484 0.6353383458646616 0.010018785222291797 0.02756892230576441
0 0.31621790857858484 0.6353383458646616 0.010018785222291797 0.02756892230576441
0 0.2917971195992486 0.6177944862155389 0.015028177833437696 0.02756892230576441
0 0.2917971195992486 0.6177944862155389 0.015028177833437696 0.02756892230576441
0 0.234815278647464 0.568922305764411 0.021916092673763307 0.03634085213032581