0 0.2805997552019584 0.5211180124223602 0.0397796817625459 0.05714285714285714
0 0.2805997552019584 0.5211180124223602 0.0397796817625459 0.05714285714285714
0 0.3356793145654835 0.5329192546583851 0.04222766217870257 0.0670807453416149
0 0.3356793145654835 0.5329192546583851 0.04222766217870257 0.0670807453416149
0 0.36995104039167687 0.5149068322981366 0.03488372093023256 0.07329192546583851
0 0.36995104039167687 0.5149068322981366 0.03488372093023256 0.07329192546583851
0 0.6306609547123623 0.4962732919254658 0.009791921664626682 0.031055900621118012
0 0.6306609547123623 0.4962732919254658 0.009791921664626682 0.031055900621118012
0 0.7053243574051408 0.5012422360248447 0.025703794369645042 0.05714285714285714
0 0.7053243574051408 0.5012422360248447 0.025703794369645042 0.05714285714285714
0 0.6918604651162791 0.6304347826086957 0.04957160342717258 0.06086956521739131
0 0.6918604651162791 0.6304347826086957 0.04957160342717258 0.06086956521739131
0 0.6376988984088128 0.6583850931677019 0.043451652386780906 0.0546583850931677
0 0.6376988984088128 0.6583850931677019 0.043451652386780906 0.0546583850931677
0 0.6630966952264382 0.6422360248447205 0.008567931456548347 0.02111801242236025
0 0.6630966952264382 0.6422360248447205 0.008567931456548347 0.02111801242236025
0 0.4222766217870257 0.7006211180124223 0.0073439412484700125 0.034782608695652174
0 0.4222766217870257 0.7006211180124223 0.0073439412484700125 0.034782608695652174
0 0.3843329253365973 0.6993788819875777 0.020195838433292534 0.05217391304347826
0 0.3843329253365973 0.6993788819875777 0.020195838433292534 0.05217391304347826
0 0.35495716034271724 0.6763975155279504 0.028151774785801713 0.06832298136645963