0 0.27203182374541 0.4962732919254658 0.043451652386780906 0.0782608695652174
0 0.27203182374541 0.4962732919254658 0.043451652386780906 0.0782608695652174
0 0.3518971848225214 0.5577639751552795 0.03733170134638923 0.07577639751552795
0 0.3518971848225214 0.5577639751552795 0.03733170134638923 0.07577639751552795
0 0.39473684210526316 0.5701863354037268 0.011015911872705019 0.02857142857142857
0 0.39473684210526316 0.5701863354037268 0.011015911872705019 0.02857142857142857
0 0.4179926560587515 0.5795031055900621 0.00795593635250918 0.02732919254658385
0 0.4179926560587515 0.5795031055900621 0.00795593635250918 0.02732919254658385
0 0.44033047735618114 0.5341614906832298 0.022643818849449205 0.03229813664596273
0 0.44033047735618114 0.5341614906832298 0.022643818849449205 0.03229813664596273
0 0.5122399020807834 0.6080745341614907 0.006731946144430845 0.034782608695652174
0 0.5122399020807834 0.6080745341614907 0.006731946144430845 0.034782608695652174
0 0.5201958384332925 0.6062111801242236 0.011015911872705019 0.04472049689440994
0 0.5201958384332925 0.6062111801242236 0.011015911872705019 0.04472049689440994
0 0.5501835985312118 0.6099378881987577 0.006119951040391677 0.034782608695652174
0 0.5501835985312118 0.6099378881987577 0.006119951040391677 0.034782608695652174
0 0.5605875152998776 0.6086956521739131 0.00795593635250918 0.03602484472049689
0 0.5605875152998776 0.6086956521739131 0.00795593635250918 0.03602484472049689
0 0.5905752753977969 0.5950310559006211 0.00795593635250918 0.02608695652173913
0 0.5905752753977969 0.5950310559006211 0.00795593635250918 0.02608695652173913
0 0.5979192166462668 0.6012422360248447 0.009179926560587515 0.03850931677018633
0 0.5979192166462668 0.6012422360248447 0.009179926560587515 0.03850931677018633
0 0.6202570379436965 0.5950310559006211 0.006119951040391677 0.03229813664596273
0 0.6202570379436965 0.5950310559006211 0.006119951040391677 0.03229813664596273
0 0.7135862913096696 0.591304347826087 0.01591187270501836 0.062111801242236024
0 0.7135862913096696 0.591304347826087 0.01591187270501836 0.062111801242236024
0 0.7717258261933905 0.5521739130434783 0.0055079559363525096 0.02608695652173913
0 0.7717258261933905 0.5521739130434783 0.0055079559363525096 0.02608695652173913
0 0.7659118727050184 0.5509316770186335 0.0055079559363525096 0.017391304347826087
0 0.7659118727050184 0.5509316770186335 0.0055079559363525096 0.017391304347826087
0 0.8035495716034272 0.6434782608695652 0.02386780905752754 0.034782608695652174
0 0.8035495716034272 0.6434782608695652 0.02386780905752754 0.034782608695652174
0 0.7555079559363526 0.6956521739130435 0.009791921664626682 0.034782608695652174
0 0.7555079559363526 0.6956521739130435 0.009791921664626682 0.034782608695652174
0 0.7163402692778458 0.6906832298136646 0.025091799265605876 0.04720496894409938
0 0.7163402692778458 0.6906832298136646 0.025091799265605876 0.04720496894409938
0 0.7016523867809058 0.7012422360248447 0.008567931456548347 0.02857142857142857
0 0.7016523867809058 0.7012422360248447 0.008567931456548347 0.02857142857142857
0 0.6738066095471236 0.7080745341614907 0.00795593635250918 0.02732919254658385
0 0.6738066095471236 0.7080745341614907 0.00795593635250918 0.02732919254658385
0 0.40605875152998777 0.6819875776397516 0.01040391676866585 0.02608695652173913
0 0.40605875152998777 0.6819875776397516 0.01040391676866585 0.02608695652173913
0 0.39412484700122397 0.6832298136645962 0.01591187270501836 0.02732919254658385
0 0.39412484700122397 0.6832298136645962 0.01591187270501836 0.02732919254658385
0 0.3164014687882497 0.6273291925465838 0.05263157894736842 0.07204968944099378
0 0.3164014687882497 0.6273291925465838 0.05263157894736842 0.07204968944099378
0 0.26438188494492043 0.5720496894409938 0.05324357405140759 0.07577639751552795