0 0.2695838433292534 0.5298136645962733 0.008567931456548347 0.03229813664596273
0 0.2695838433292534 0.5298136645962733 0.008567931456548347 0.03229813664596273
0 0.2781517747858017 0.5335403726708075 0.009179926560587515 0.031055900621118012
0 0.2781517747858017 0.5335403726708075 0.009179926560587515 0.031055900621118012
0 0.6251529987760098 0.5509316770186335 0.0073439412484700125 0.01987577639751553
0 0.6251529987760098 0.5509316770186335 0.0073439412484700125 0.01987577639751553
0 0.6349449204406364 0.5534161490683229 0.009791921664626682 0.02360248447204969
0 0.6349449204406364 0.5534161490683229 0.009791921664626682 0.02360248447204969
0 0.6594247246022031 0.5484472049689441 0.006731946144430845 0.03229813664596273
0 0.6594247246022031 0.5484472049689441 0.006731946144430845 0.03229813664596273
0 0.6673806609547124 0.5496894409937888 0.011015911872705019 0.02857142857142857
0 0.6673806609547124 0.5496894409937888 0.011015911872705019 0.02857142857142857
0 0.6401468788249693 0.7006211180124223 0.0073439412484700125 0.03354037267080745
0 0.6401468788249693 0.7006211180124223 0.0073439412484700125 0.03354037267080745
0 0.30630354957160344 0.6639751552795031 0.04773561811505508 0.0782608695652174
0 0.30630354957160344 0.6639751552795031 0.04773561811505508 0.0782608695652174
0 0.25061199510403914 0.668944099378882 0.05324357405140759 0.0422360248447205
0 0.25061199510403914 0.668944099378882 0.05324357405140759 0.0422360248447205