0 0.4179926560587515 0.6254658385093168 0.025091799265605876 0.05217391304347826
0 0.4179926560587515 0.6254658385093168 0.025091799265605876 0.05217391304347826
0 0.5067319461444308 0.698136645962733 0.014075887392900856 0.04596273291925466
0 0.5067319461444308 0.698136645962733 0.014075887392900856 0.04596273291925466
0 0.5009179926560587 0.6204968944099379 0.00795593635250918 0.031055900621118012
0 0.5009179926560587 0.6204968944099379 0.00795593635250918 0.031055900621118012
0 0.7383720930232558 0.5900621118012422 0.017747858017135864 0.049689440993788817
0 0.7383720930232558 0.5900621118012422 0.017747858017135864 0.049689440993788817
0 0.7298041615667075 0.675776397515528 0.012851897184822521 0.03850931677018633
0 0.7298041615667075 0.675776397515528 0.012851897184822521 0.03850931677018633
0 0.7515299877600979 0.5900621118012422 0.018971848225214197 0.03602484472049689