0 0.7308897243107769 0.5321750321750321 0.016290726817042606 0.03088803088803089
0 0.7308897243107769 0.5321750321750321 0.016290726817042606 0.03088803088803089
0 0.7083333333333334 0.5489060489060489 0.015037593984962405 0.05405405405405406
0 0.7083333333333334 0.5489060489060489 0.015037593984962405 0.05405405405405406
0 0.6325187969924813 0.6093951093951094 0.03884711779448621 0.06048906048906049
0 0.6325187969924813 0.6093951093951094 0.03884711779448621 0.06048906048906049
0 0.6234335839598998 0.5637065637065637 0.016917293233082706 0.059202059202059204
0 0.6234335839598998 0.5637065637065637 0.016917293233082706 0.059202059202059204
0 0.4899749373433584 0.6164736164736164 0.011278195488721804 0.043758043758043756
0 0.4899749373433584 0.6164736164736164 0.011278195488721804 0.043758043758043756
0 0.41040100250626566 0.5913770913770914 0.020676691729323307 0.07207207207207207
0 0.41040100250626566 0.5913770913770914 0.020676691729323307 0.07207207207207207
0 0.41948621553884713 0.6962676962676962 0.022556390977443608 0.06435006435006435
0 0.41948621553884713 0.6962676962676962 0.022556390977443608 0.06435006435006435