0 0.28128911138923657 0.5322209436133487 0.013141426783479349 0.0333716915995397
0 0.28128911138923657 0.5322209436133487 0.013141426783479349 0.0333716915995397
0 0.26595744680851063 0.5276179516685846 0.008760951188986232 0.01380897583429229
0 0.26595744680851063 0.5276179516685846 0.008760951188986232 0.01380897583429229
0 0.5387984981226533 0.5794016110471807 0.005632040050062578 0.019562715765247412
0 0.5387984981226533 0.5794016110471807 0.005632040050062578 0.019562715765247412
0 0.5963704630788486 0.5805523590333717 0.015644555694618274 0.039125431530494824
0 0.5963704630788486 0.5805523590333717 0.015644555694618274 0.039125431530494824
0 0.6795994993742178 0.5552359033371692 0.008135168961201502 0.014959723820483314
0 0.6795994993742178 0.5552359033371692 0.008135168961201502 0.014959723820483314
0 0.6905506883604505 0.5569620253164557 0.00688360450563204 0.014959723820483314
0 0.6905506883604505 0.5569620253164557 0.00688360450563204 0.014959723820483314
0 0.7456195244055068 0.6340621403912543 0.008135168961201502 0.019562715765247412
0 0.7456195244055068 0.6340621403912543 0.008135168961201502 0.019562715765247412
0 0.7393617021276596 0.640391254315305 0.006257822277847309 0.023014959723820484
0 0.7393617021276596 0.640391254315305 0.006257822277847309 0.023014959723820484
0 0.6999374217772215 0.6760644418872267 0.016270337922403004 0.031070195627157654
0 0.6999374217772215 0.6760644418872267 0.016270337922403004 0.031070195627157654
0 0.688360450563204 0.6829689298043728 0.010012515644555695 0.024165707710011506
0 0.688360450563204 0.6829689298043728 0.010012515644555695 0.024165707710011506
0 0.1927409261576971 0.6081703107019563 0.02065081351689612 0.0333716915995397