0 0.38586291309669524 0.5509316770186335 0.012851897184822521 0.040993788819875775
0 0.38586291309669524 0.5509316770186335 0.012851897184822521 0.040993788819875775
0 0.472766217870257 0.5677018633540373 0.01040391676866585 0.03975155279503106
0 0.472766217870257 0.5677018633540373 0.01040391676866585 0.03975155279503106
0 0.4947980416156671 0.5683229813664596 0.019583843329253364 0.0546583850931677
0 0.4947980416156671 0.5683229813664596 0.019583843329253364 0.0546583850931677
0 0.5486536107711139 0.5534161490683229 0.00795593635250918 0.031055900621118012
0 0.5486536107711139 0.5534161490683229 0.00795593635250918 0.031055900621118012
0 0.6618727050183598 0.6192546583850932 0.0055079559363525096 0.02111801242236025
0 0.6618727050183598 0.6192546583850932 0.0055079559363525096 0.02111801242236025
0 0.7151162790697675 0.6086956521739131 0.0055079559363525096 0.02360248447204969
0 0.7151162790697675 0.6086956521739131 0.0055079559363525096 0.02360248447204969
0 0.6578947368421053 0.622360248447205 0.0036719706242350062 0.018633540372670808
0 0.6578947368421053 0.622360248447205 0.0036719706242350062 0.018633540372670808
0 0.7105263157894737 0.6111801242236025 0.0036719706242350062 0.016149068322981366
0 0.7105263157894737 0.6111801242236025 0.0036719706242350062 0.016149068322981366
0 0.3708690330477356 0.6279503105590062 0.012239902080783354 0.03354037267080745
0 0.3708690330477356 0.6279503105590062 0.012239902080783354 0.03354037267080745