0 0.2700250312891114 0.5333716915995397 0.008760951188986232 0.024165707710011506
0 0.2700250312891114 0.5333716915995397 0.008760951188986232 0.024165707710011506
0 0.2806633291614518 0.5420023014959724 0.010638297872340425 0.019562715765247412
0 0.2806633291614518 0.5420023014959724 0.010638297872340425 0.019562715765247412
0 0.33729662077596995 0.5644418872266973 0.02252816020025031 0.04257767548906789
0 0.33729662077596995 0.5644418872266973 0.02252816020025031 0.04257767548906789
0 0.32509386733416773 0.5512082853855006 0.010638297872340425 0.0333716915995397
0 0.32509386733416773 0.5512082853855006 0.010638297872340425 0.0333716915995397
0 0.6905506883604505 0.6703107019562716 0.016270337922403004 0.02531645569620253
0 0.6905506883604505 0.6703107019562716 0.016270337922403004 0.02531645569620253
0 0.6598873591989988 0.6737629459148446 0.04818523153942428 0.0713463751438435
0 0.6598873591989988 0.6737629459148446 0.04818523153942428 0.0713463751438435
0 0.6185857321652065 0.6772151898734177 0.014392991239048811 0.03567318757192175
0 0.6185857321652065 0.6772151898734177 0.014392991239048811 0.03567318757192175
0 0.6295369211514393 0.6720368239355581 0.009386733416770964 0.0333716915995397
0 0.6295369211514393 0.6720368239355581 0.009386733416770964 0.0333716915995397
0 0.30663329161451813 0.6887226697353279 0.03879849812265332 0.08400460299194476
0 0.30663329161451813 0.6887226697353279 0.03879849812265332 0.08400460299194476