0 0.2940991839296924 0.45588235294117646 0.02197112366603892 0.052429667519181586
0 0.2940991839296924 0.45588235294117646 0.02197112366603892 0.052429667519181586
0 0.3069679849340866 0.4629156010230179 0.021343377275580666 0.056265984654731455
0 0.3069679849340866 0.4629156010230179 0.021343377275580666 0.056265984654731455
0 0.4105461393596987 0.5089514066496164 0.015693659761456372 0.052429667519181586
0 0.4105461393596987 0.5089514066496164 0.015693659761456372 0.052429667519181586
0 0.4246704331450094 0.5147058823529411 0.020087884494664157 0.054987212276214836
0 0.4246704331450094 0.5147058823529411 0.020087884494664157 0.054987212276214836
0 0.6167608286252354 0.5447570332480819 0.015693659761456372 0.0639386189258312
0 0.6167608286252354 0.5447570332480819 0.015693659761456372 0.0639386189258312
0 0.6657250470809792 0.6272378516624041 0.011927181418706842 0.021739130434782608
0 0.6657250470809792 0.6272378516624041 0.011927181418706842 0.021739130434782608
0 0.655367231638418 0.6304347826086957 0.007532956685499058 0.024296675191815855
0 0.655367231638418 0.6304347826086957 0.007532956685499058 0.024296675191815855
0 0.6173885750156937 0.6387468030690537 0.010671688637790333 0.0319693094629156
0 0.6173885750156937 0.6387468030690537 0.010671688637790333 0.0319693094629156
0 0.6095417451349655 0.6470588235294118 0.006905210295040804 0.028132992327365727
0 0.6095417451349655 0.6470588235294118 0.006905210295040804 0.028132992327365727
0 0.5696798493408662 0.6668797953964194 0.010043942247332079 0.024296675191815855
0 0.5696798493408662 0.6668797953964194 0.010043942247332079 0.024296675191815855
0 0.33207784055241685 0.6176470588235294 0.011927181418706842 0.021739130434782608
0 0.33207784055241685 0.6176470588235294 0.011927181418706842 0.021739130434782608
0 0.275894538606403 0.5607416879795396 0.031387319522912745 0.03964194373401535