0 0.34025 0.5553817271589487 0.007 0.011264080100125156
0 0.34025 0.5553817271589487 0.007 0.011264080100125156
0 0.3785 0.6163954943679599 0.016 0.025031289111389236
0 0.3785 0.6163954943679599 0.016 0.025031289111389236
0 0.41 0.6176470588235294 0.0075 0.01877346683354193
0 0.41 0.6176470588235294 0.0075 0.01877346683354193
0 0.61875 0.5807259073842302 0.021 0.030663329161451813
0 0.61875 0.5807259073842302 0.021 0.030663329161451813
0 0.6705 0.561639549436796 0.0085 0.015644555694618274
0 0.6705 0.561639549436796 0.0085 0.015644555694618274
0 0.6615 0.5638297872340425 0.007 0.01376720901126408
0 0.6615 0.5638297872340425 0.007 0.01376720901126408
0 0.64575 0.6220275344180225 0.016 0.02690863579474343
0 0.64575 0.6220275344180225 0.016 0.02690863579474343
0 0.61425 0.6304755944931164 0.0065 0.008760951188986232
0 0.61425 0.6304755944931164 0.0065 0.008760951188986232
0 0.60675 0.6292240300375469 0.01 0.013141426783479349
0 0.60675 0.6292240300375469 0.01 0.013141426783479349
0 0.4465 0.6439299123904881 0.0075 0.016896120150187734