0 0.29568210262828537 0.5097813578826237 0.008760951188986232 0.02991944764096663
0 0.29568210262828537 0.5097813578826237 0.008760951188986232 0.02991944764096663
0 0.30569461827284106 0.5189873417721519 0.01376720901126408 0.04372842347525892
0 0.30569461827284106 0.5189873417721519 0.01376720901126408 0.04372842347525892
0 0.3397997496871089 0.5397008055235903 0.015644555694618274 0.05293440736478711
0 0.3397997496871089 0.5397008055235903 0.015644555694618274 0.05293440736478711
0 0.3566958698372966 0.5489067894131185 0.015018773466833541 0.04487917146144994
0 0.3566958698372966 0.5489067894131185 0.015018773466833541 0.04487917146144994
0 0.6311013767209012 0.5575373993095513 0.010638297872340425 0.03452243958573072
0 0.6311013767209012 0.5575373993095513 0.010638297872340425 0.03452243958573072
0 0.6414267834793492 0.5500575373993095 0.011264080100125156 0.028768699654775604
0 0.6414267834793492 0.5500575373993095 0.011264080100125156 0.028768699654775604
0 0.678035043804756 0.523590333716916 0.011264080100125156 0.0333716915995397
0 0.678035043804756 0.523590333716916 0.011264080100125156 0.0333716915995397
0 0.6874217772215269 0.5161104718066744 0.008760951188986232 0.026467203682393557
0 0.6874217772215269 0.5161104718066744 0.008760951188986232 0.026467203682393557
0 0.718397997496871 0.593210586881473 0.008760951188986232 0.02186421173762946
0 0.718397997496871 0.593210586881473 0.008760951188986232 0.02186421173762946
0 0.7130788485607009 0.5983889528193326 0.008135168961201502 0.02186421173762946
0 0.7130788485607009 0.5983889528193326 0.008135168961201502 0.02186421173762946
0 0.6702127659574468 0.6317606444188723 0.010638297872340425 0.028768699654775604
0 0.6702127659574468 0.6317606444188723 0.010638297872340425 0.028768699654775604
0 0.6614518147684606 0.6409666283084005 0.011889862327909888 0.04257767548906789
0 0.6614518147684606 0.6409666283084005 0.011889862327909888 0.04257767548906789
0 0.37202753441802255 0.6570771001150748 0.014392991239048811 0.0379746835443038
0 0.37202753441802255 0.6570771001150748 0.014392991239048811 0.0379746835443038
0 0.3078848560700876 0.6254315304948216 0.015644555694618274 0.04833141542002301
0 0.3078848560700876 0.6254315304948216 0.015644555694618274 0.04833141542002301