0 0.35294117647058826 0.5891829689298044 0.008760951188986232 0.01611047180667434
0 0.35294117647058826 0.5891829689298044 0.008760951188986232 0.01611047180667434
0 0.36264080100125157 0.5937859608745685 0.008760951188986232 0.019562715765247412
0 0.36264080100125157 0.5937859608745685 0.008760951188986232 0.019562715765247412
0 0.6833541927409261 0.6421173762945915 0.018147684605757195 0.05638665132336018
0 0.6833541927409261 0.6421173762945915 0.018147684605757195 0.05638665132336018
0 0.5575719649561952 0.6996547756041427 0.02127659574468085 0.04487917146144994
0 0.5575719649561952 0.6996547756041427 0.02127659574468085 0.04487917146144994
0 0.3053817271589487 0.6622554660529344 0.005632040050062578 0.018411967779056387
0 0.3053817271589487 0.6622554660529344 0.005632040050062578 0.018411967779056387
0 0.3000625782227785 0.6599539700805523 0.007509386733416771 0.02531645569620253
0 0.3000625782227785 0.6599539700805523 0.007509386733416771 0.02531645569620253