0 0.24468085106382978 0.549482163406214 0.011889862327909888 0.039125431530494824
0 0.24468085106382978 0.549482163406214 0.011889862327909888 0.039125431530494824
0 0.2596996245306633 0.5609896432681243 0.02690863579474343 0.07479861910241657
0 0.2596996245306633 0.5609896432681243 0.02690863579474343 0.07479861910241657
0 0.2925531914893617 0.57307249712313 0.0037546933667083854 0.0379746835443038
0 0.2925531914893617 0.57307249712313 0.0037546933667083854 0.0379746835443038
0 0.6777221526908636 0.5506329113924051 0.02252816020025031 0.05408515535097814
0 0.6777221526908636 0.5506329113924051 0.02252816020025031 0.05408515535097814
0 0.6989987484355444 0.5431530494821634 0.02252816020025031 0.06214039125431531
0 0.6989987484355444 0.5431530494821634 0.02252816020025031 0.06214039125431531
0 0.6821026282853567 0.6501726121979287 0.011264080100125156 0.03222094361334868
0 0.6821026282853567 0.6501726121979287 0.011264080100125156 0.03222094361334868