0 0.2615769712140175 0.5402761795166858 0.009386733416770964 0.026467203682393557
0 0.2615769712140175 0.5402761795166858 0.009386733416770964 0.026467203682393557
0 0.2969336670838548 0.5609896432681243 0.00688360450563204 0.026467203682393557
0 0.2969336670838548 0.5609896432681243 0.00688360450563204 0.026467203682393557
0 0.30600750938673343 0.5655926352128884 0.010638297872340425 0.01726121979286536
0 0.30600750938673343 0.5655926352128884 0.010638297872340425 0.01726121979286536
0 0.35607008760951186 0.57307249712313 0.01376720901126408 0.03682393555811277
0 0.35607008760951186 0.57307249712313 0.01376720901126408 0.03682393555811277
0 0.6717772215269087 0.5713463751438435 0.01877346683354193 0.06098964326812428
0 0.6717772215269087 0.5713463751438435 0.01877346683354193 0.06098964326812428
0 0.7287234042553191 0.6547756041426928 0.008760951188986232 0.019562715765247412
0 0.7287234042553191 0.6547756041426928 0.008760951188986232 0.019562715765247412
0 0.7177722152690864 0.666283084004603 0.015644555694618274 0.05753739930955121
0 0.7177722152690864 0.666283084004603 0.015644555694618274 0.05753739930955121
0 0.6645807259073843 0.6726121979286537 0.010638297872340425 0.02991944764096663
0 0.6645807259073843 0.6726121979286537 0.010638297872340425 0.02991944764096663
0 0.6736545682102628 0.6726121979286537 0.004380475594493116 0.02186421173762946
0 0.6736545682102628 0.6726121979286537 0.004380475594493116 0.02186421173762946
0 0.3739048811013767 0.6939010356731876 0.029411764705882353 0.0333716915995397
0 0.3739048811013767 0.6939010356731876 0.029411764705882353 0.0333716915995397
0 0.3588861076345432 0.6818181818181818 0.011889862327909888 0.0333716915995397
0 0.3588861076345432 0.6818181818181818 0.011889862327909888 0.0333716915995397
0 0.32102628285356694 0.6726121979286537 0.02065081351689612 0.05408515535097814
0 0.32102628285356694 0.6726121979286537 0.02065081351689612 0.05408515535097814
0 0.26564455569461826 0.6346375143843498 0.011889862327909888 0.03222094361334868