0 0.7096083231334149 0.6583850931677019 0.01040391676866585 0.02236024844720497
0 0.7096083231334149 0.6583850931677019 0.01040391676866585 0.02236024844720497
0 0.7674418604651163 0.6434782608695652 0.0073439412484700125 0.01987577639751553
0 0.7674418604651163 0.6434782608695652 0.0073439412484700125 0.01987577639751553
0 0.6511627906976745 0.6652173913043479 0.0073439412484700125 0.02111801242236025
0 0.6511627906976745 0.6652173913043479 0.0073439412484700125 0.02111801242236025
0 0.26009791921664627 0.6496894409937888 0.03549571603427173 0.0484472049689441
0 0.26009791921664627 0.6496894409937888 0.03549571603427173 0.0484472049689441
0 0.23164014687882498 0.6391304347826087 0.011015911872705019 0.02857142857142857
0 0.23164014687882498 0.6391304347826087 0.011015911872705019 0.02857142857142857
0 0.20899632802937576 0.6099378881987577 0.019583843329253364 0.04596273291925466