0 0.3002458512599877 0.5783208020050126 0.012292562999385371 0.02756892230576441
0 0.3002458512599877 0.5783208020050126 0.012292562999385371 0.02756892230576441
0 0.3368162261831592 0.5864661654135338 0.012292562999385371 0.018796992481203006
0 0.3368162261831592 0.5864661654135338 0.012292562999385371 0.018796992481203006
0 0.363859864781807 0.5720551378446115 0.006760909649661954 0.03759398496240601
0 0.363859864781807 0.5720551378446115 0.006760909649661954 0.03759398496240601
0 0.32329440688383526 0.5820802005012531 0.008604794099569761 0.03759398496240601
0 0.32329440688383526 0.5820802005012531 0.008604794099569761 0.03759398496240601
0 0.3816840811309158 0.5739348370927319 0.019668100799016593 0.06265664160401002
0 0.3816840811309158 0.5739348370927319 0.019668100799016593 0.06265664160401002
0 0.4074984634296251 0.5701754385964912 0.006760909649661954 0.03007518796992481
0 0.4074984634296251 0.5701754385964912 0.006760909649661954 0.03007518796992481
0 0.6447449293177627 0.5664160401002506 0.017209588199139522 0.07393483709273183
0 0.6447449293177627 0.5664160401002506 0.017209588199139522 0.07393483709273183
0 0.6994468346650277 0.593358395989975 0.034419176398279044 0.02756892230576441
0 0.6994468346650277 0.593358395989975 0.034419176398279044 0.02756892230576441
0 0.6318377381684082 0.6885964912280702 0.015365703749231715 0.05012531328320802
0 0.6318377381684082 0.6885964912280702 0.015365703749231715 0.05012531328320802
0 0.573140749846343 0.6779448621553885 0.014751075599262446 0.043859649122807015
0 0.573140749846343 0.6779448621553885 0.014751075599262446 0.043859649122807015
0 0.3779963122311002 0.6766917293233082 0.006760909649661954 0.05263157894736842
0 0.3779963122311002 0.6766917293233082 0.006760909649661954 0.05263157894736842