0 0.45838548185231537 0.5195627157652474 0.011264080100125156 0.04257767548906789
0 0.45838548185231537 0.5195627157652474 0.011264080100125156 0.04257767548906789
0 0.4668335419274093 0.5143843498273878 0.010012515644555695 0.02761795166858458
0 0.4668335419274093 0.5143843498273878 0.010012515644555695 0.02761795166858458
0 0.6226533166458073 0.4856156501726122 0.008760951188986232 0.02761795166858458
0 0.6226533166458073 0.4856156501726122 0.008760951188986232 0.02761795166858458
0 0.6329787234042553 0.4810126582278481 0.009386733416770964 0.04948216340621404
0 0.6329787234042553 0.4810126582278481 0.009386733416770964 0.04948216340621404
0 0.601063829787234 0.5840046029919448 0.00688360450563204 0.020713463751438434
0 0.601063829787234 0.5840046029919448 0.00688360450563204 0.020713463751438434
0 0.3670212765957447 0.6024165707710012 0.03629536921151439 0.05638665132336018
0 0.3670212765957447 0.6024165707710012 0.03629536921151439 0.05638665132336018
0 0.34449311639549435 0.6029919447640967 0.008135168961201502 0.039125431530494824
0 0.34449311639549435 0.6029919447640967 0.008135168961201502 0.039125431530494824