0 0.2609511889862328 0.4873417721518987 0.011264080100125156 0.04372842347525892
0 0.2609511889862328 0.4873417721518987 0.011264080100125156 0.04372842347525892
0 0.6486232790988736 0.525891829689298 0.008760951188986232 0.031070195627157654
0 0.6486232790988736 0.525891829689298 0.008760951188986232 0.031070195627157654
0 0.6899249061326659 0.5253164556962026 0.010638297872340425 0.04027617951668585
0 0.6899249061326659 0.5253164556962026 0.010638297872340425 0.04027617951668585
0 0.7296620775969962 0.498849252013809 0.015644555694618274 0.04257767548906789
0 0.7296620775969962 0.498849252013809 0.015644555694618274 0.04257767548906789
0 0.7443679599499374 0.5040276179516686 0.016270337922403004 0.0379746835443038
0 0.7443679599499374 0.5040276179516686 0.016270337922403004 0.0379746835443038
0 0.6655193992490613 0.6219792865362486 0.008135168961201502 0.023014959723820484
0 0.6655193992490613 0.6219792865362486 0.008135168961201502 0.023014959723820484
0 0.6598873591989988 0.622554660529344 0.0050062578222778474 0.02186421173762946
0 0.6598873591989988 0.622554660529344 0.0050062578222778474 0.02186421173762946
0 0.3667083854818523 0.6484464902186421 0.03566958698372966 0.047180667433831994
0 0.3667083854818523 0.6484464902186421 0.03566958698372966 0.047180667433831994