0 0.2687734668335419 0.547180667433832 0.015644555694618274 0.024165707710011506
0 0.2687734668335419 0.547180667433832 0.015644555694618274 0.024165707710011506
0 0.2972465581977472 0.5385500575373993 0.009386733416770964 0.02531645569620253
0 0.2972465581977472 0.5385500575373993 0.009386733416770964 0.02531645569620253
0 0.3717146433041302 0.5690448791714614 0.007509386733416771 0.026467203682393557
0 0.3717146433041302 0.5690448791714614 0.007509386733416771 0.026467203682393557
0 0.42177722152690866 0.570771001150748 0.009386733416770964 0.031070195627157654
0 0.42177722152690866 0.570771001150748 0.009386733416770964 0.031070195627157654
0 0.7077596996245307 0.5655926352128884 0.011264080100125156 0.023014959723820484
0 0.7077596996245307 0.5655926352128884 0.011264080100125156 0.023014959723820484
0 0.6505006257822278 0.6035673187571922 0.018147684605757195 0.0333716915995397
0 0.6505006257822278 0.6035673187571922 0.018147684605757195 0.0333716915995397
0 0.6964956195244055 0.5759493670886076 0.013141426783479349 0.024165707710011506
0 0.6964956195244055 0.5759493670886076 0.013141426783479349 0.024165707710011506
0 0.617334167709637 0.6432681242807825 0.025031289111389236 0.026467203682393557
0 0.617334167709637 0.6432681242807825 0.025031289111389236 0.026467203682393557
0 0.3760951188986233 0.64614499424626 0.011889862327909888 0.04487917146144994
0 0.3760951188986233 0.64614499424626 0.011889862327909888 0.04487917146144994
0 0.32916145181476847 0.6357882623705409 0.02190237797246558 0.05523590333716916
0 0.32916145181476847 0.6357882623705409 0.02190237797246558 0.05523590333716916
0 0.3369837296620776 0.6754890678941312 0.016896120150187734 0.024165707710011506
0 0.3369837296620776 0.6754890678941312 0.016896120150187734 0.024165707710011506
0 0.29849812265331666 0.6064441887226697 0.012515644555694618 0.02186421173762946
0 0.29849812265331666 0.6064441887226697 0.012515644555694618 0.02186421173762946
0 0.2709637046307885 0.6024165707710012 0.008760951188986232 0.023014959723820484
0 0.2709637046307885 0.6024165707710012 0.008760951188986232 0.023014959723820484
0 0.3144555694618273 0.6277330264672036 0.009386733416770964 0.024165707710011506