0 0.23942786069651742 0.49496221662468515 0.04415422885572139 0.05793450881612091
0 0.23942786069651742 0.49496221662468515 0.04415422885572139 0.05793450881612091
0 0.2658582089552239 0.5100755667506297 0.011194029850746268 0.02518891687657431
0 0.2658582089552239 0.5100755667506297 0.011194029850746268 0.02518891687657431
0 0.35261194029850745 0.5654911838790933 0.009328358208955223 0.0327455919395466
0 0.35261194029850745 0.5654911838790933 0.009328358208955223 0.0327455919395466
0 0.35883084577114427 0.5654911838790933 0.009328358208955223 0.03526448362720403
0 0.35883084577114427 0.5654911838790933 0.009328358208955223 0.03526448362720403
0 0.5979477611940298 0.575566750629723 0.020522388059701493 0.061712846347607056
0 0.5979477611940298 0.575566750629723 0.020522388059701493 0.061712846347607056
0 0.6417910447761194 0.5837531486146096 0.014925373134328358 0.03400503778337532
0 0.6417910447761194 0.5837531486146096 0.014925373134328358 0.03400503778337532
0 0.6281094527363185 0.6939546599496221 0.011194029850746268 0.017632241813602016
0 0.6281094527363185 0.6939546599496221 0.011194029850746268 0.017632241813602016
0 0.619092039800995 0.6895465994962217 0.014303482587064677 0.04030226700251889
0 0.619092039800995 0.6895465994962217 0.014303482587064677 0.04030226700251889
0 0.5615671641791045 0.7015113350125944 0.004353233830845771 0.036523929471032744
0 0.5615671641791045 0.7015113350125944 0.004353233830845771 0.036523929471032744
0 0.33240049751243783 0.6857682619647355 0.025497512437810944 0.05919395465994962
0 0.33240049751243783 0.6857682619647355 0.025497512437810944 0.05919395465994962