0 0.2697715289982425 0.40055762081784385 0.01757469244288225 0.026022304832713755
0 0.2697715289982425 0.40055762081784385 0.01757469244288225 0.026022304832713755
0 0.30184534270650265 0.4275092936802974 0.01757469244288225 0.040892193308550186
0 0.30184534270650265 0.4275092936802974 0.01757469244288225 0.040892193308550186
0 0.34490333919156413 0.44609665427509293 0.007029876977152899 0.026022304832713755
0 0.34490333919156413 0.44609665427509293 0.007029876977152899 0.026022304832713755
0 0.36862917398945516 0.44609665427509293 0.01757469244288225 0.06691449814126393
0 0.36862917398945516 0.44609665427509293 0.01757469244288225 0.06691449814126393
0 0.3378734622144112 0.44052044609665425 0.007908611599297012 0.027881040892193308
0 0.3378734622144112 0.44052044609665425 0.007908611599297012 0.027881040892193308
0 0.695079086115993 0.4247211895910781 0.01054481546572935 0.046468401486988845
0 0.695079086115993 0.4247211895910781 0.01054481546572935 0.046468401486988845
0 0.7640597539543058 0.3680297397769517 0.03251318101933216 0.055762081784386616
0 0.7640597539543058 0.3680297397769517 0.03251318101933216 0.055762081784386616
0 0.35193321616871703 0.5362453531598513 0.014059753954305799 0.04275092936802974
0 0.35193321616871703 0.5362453531598513 0.014059753954305799 0.04275092936802974
0 0.29349736379613356 0.5204460966542751 0.014059753954305799 0.03531598513011153
0 0.29349736379613356 0.5204460966542751 0.014059753954305799 0.03531598513011153