0 0.36964504283965727 0.5440993788819876 0.017135862913096694 0.0422360248447205
0 0.36964504283965727 0.5440993788819876 0.017135862913096694 0.0422360248447205
0 0.3901468788249694 0.55527950310559 0.00795593635250918 0.03354037267080745
0 0.3901468788249694 0.55527950310559 0.00795593635250918 0.03354037267080745
0 0.33384332925336596 0.6527950310559006 0.01040391676866585 0.024844720496894408
0 0.33384332925336596 0.6527950310559006 0.01040391676866585 0.024844720496894408
0 0.3818849449204406 0.6627329192546584 0.006119951040391677 0.02732919254658385
0 0.3818849449204406 0.6627329192546584 0.006119951040391677 0.02732919254658385
0 0.2775397796817625 0.6670807453416149 0.018971848225214197 0.07204968944099378
0 0.2775397796817625 0.6670807453416149 0.018971848225214197 0.07204968944099378
0 0.32558139534883723 0.653416149068323 0.009791921664626682 0.02732919254658385
0 0.32558139534883723 0.653416149068323 0.009791921664626682 0.02732919254658385
0 0.7429620563035496 0.4925465838509317 0.025091799265605876 0.058385093167701865