0 0.32540675844806005 0.5431530494821634 0.010638297872340425 0.02991944764096663
0 0.32540675844806005 0.5431530494821634 0.010638297872340425 0.02991944764096663
0 0.33479349186483104 0.5466052934407365 0.011264080100125156 0.031070195627157654
0 0.33479349186483104 0.5466052934407365 0.011264080100125156 0.031070195627157654
0 0.6320400500625782 0.5558112773302647 0.010012515644555695 0.023014959723820484
0 0.6320400500625782 0.5558112773302647 0.010012515644555695 0.023014959723820484
0 0.718397997496871 0.5299194476409667 0.024405506883604506 0.05408515535097814
0 0.718397997496871 0.5299194476409667 0.024405506883604506 0.05408515535097814
0 0.7008760951188986 0.6386651323360184 0.04505632040050062 0.04142692750287687
0 0.7008760951188986 0.6386651323360184 0.04505632040050062 0.04142692750287687
0 0.6220275344180225 0.669735327963176 0.008760951188986232 0.026467203682393557
0 0.6220275344180225 0.669735327963176 0.008760951188986232 0.026467203682393557
0 0.35106382978723405 0.6691599539700805 0.00688360450563204 0.02991944764096663
0 0.35106382978723405 0.6691599539700805 0.00688360450563204 0.02991944764096663
0 0.33260325406758445 0.6616800920598389 0.0344180225281602 0.07825086306098965
0 0.33260325406758445 0.6616800920598389 0.0344180225281602 0.07825086306098965
0 0.3072590738423029 0.6513233601841196 0.01877346683354193 0.04487917146144994
0 0.3072590738423029 0.6513233601841196 0.01877346683354193 0.04487917146144994
0 0.2719023779724656 0.6380897583429229 0.02252816020025031 0.0379746835443038
0 0.2719023779724656 0.6380897583429229 0.02252816020025031 0.0379746835443038
0 0.2978723404255319 0.6455696202531646 0.008135168961201502 0.024165707710011506