0 0.33229036295369213 0.5350978135788262 0.008760951188986232 0.028768699654775604
0 0.33229036295369213 0.5350978135788262 0.008760951188986232 0.028768699654775604
0 0.35106382978723405 0.5575373993095513 0.02252816020025031 0.05178365937859609
0 0.35106382978723405 0.5575373993095513 0.02252816020025031 0.05178365937859609
0 0.36576971214017523 0.5650172612197929 0.011264080100125156 0.02991944764096663
0 0.36576971214017523 0.5650172612197929 0.011264080100125156 0.02991944764096663
0 0.4164580725907384 0.5771001150747986 0.008760951188986232 0.03222094361334868
0 0.4164580725907384 0.5771001150747986 0.008760951188986232 0.03222094361334868
0 0.5879224030037546 0.5483314154200231 0.02065081351689612 0.06214039125431531
0 0.5879224030037546 0.5483314154200231 0.02065081351689612 0.06214039125431531
0 0.6414267834793492 0.5322209436133487 0.007509386733416771 0.023014959723820484
0 0.6414267834793492 0.5322209436133487 0.007509386733416771 0.023014959723820484
0 0.6476846057571964 0.5316455696202531 0.006257822277847309 0.026467203682393557
0 0.6476846057571964 0.5316455696202531 0.006257822277847309 0.026467203682393557
0 0.6426783479349186 0.619102416570771 0.007509386733416771 0.024165707710011506
0 0.6426783479349186 0.619102416570771 0.007509386733416771 0.024165707710011506
0 0.6342302878598248 0.6254315304948216 0.008760951188986232 0.03567318757192175
0 0.6342302878598248 0.6254315304948216 0.008760951188986232 0.03567318757192175
0 0.315081351689612 0.6363636363636364 0.015018773466833541 0.0333716915995397
0 0.315081351689612 0.6363636363636364 0.015018773466833541 0.0333716915995397