0 0.3540391676866585 0.5571428571428572 0.02631578947368421 0.07453416149068323
0 0.3540391676866585 0.5571428571428572 0.02631578947368421 0.07453416149068323
0 0.3763769889840881 0.5726708074534161 0.01591187270501836 0.04472049689440994
0 0.3763769889840881 0.5726708074534161 0.01591187270501836 0.04472049689440994
0 0.6312729498164015 0.6391304347826087 0.0055079559363525096 0.02111801242236025
0 0.6312729498164015 0.6391304347826087 0.0055079559363525096 0.02111801242236025
0 0.5997552019583844 0.6521739130434783 0.011015911872705019 0.03975155279503106
0 0.5997552019583844 0.6521739130434783 0.011015911872705019 0.03975155279503106
0 0.6410648714810282 0.6440993788819875 0.01040391676866585 0.02111801242236025
0 0.6410648714810282 0.6440993788819875 0.01040391676866585 0.02111801242236025
0 0.5823133414932681 0.6602484472049689 0.01040391676866585 0.02608695652173913
0 0.5823133414932681 0.6602484472049689 0.01040391676866585 0.02608695652173913
0 0.39412484700122397 0.6614906832298136 0.009791921664626682 0.02608695652173913
0 0.39412484700122397 0.6614906832298136 0.009791921664626682 0.02608695652173913
0 0.25458996328029376 0.6086956521739131 0.008567931456548347 0.02360248447204969
0 0.25458996328029376 0.6086956521739131 0.008567931456548347 0.02360248447204969
0 0.3026315789473684 0.6341614906832298 0.009791921664626682 0.02236024844720497