0 0.27503128911138924 0.6052934407364787 0.012515644555694618 0.0379746835443038
0 0.27503128911138924 0.6052934407364787 0.012515644555694618 0.0379746835443038
0 0.389549436795995 0.6081703107019563 0.007509386733416771 0.02991944764096663
0 0.389549436795995 0.6081703107019563 0.007509386733416771 0.02991944764096663
0 0.6821026282853567 0.6001150747986191 0.009386733416770964 0.02991944764096663
0 0.6821026282853567 0.6001150747986191 0.009386733416770964 0.02991944764096663
0 0.6614518147684606 0.7031070195627158 0.010012515644555695 0.02761795166858458
0 0.6614518147684606 0.7031070195627158 0.010012515644555695 0.02761795166858458
0 0.6076345431789737 0.6939010356731876 0.008760951188986232 0.026467203682393557
0 0.6076345431789737 0.6939010356731876 0.008760951188986232 0.026467203682393557
0 0.37640801001251567 0.7088607594936709 0.023153942428035045 0.07019562715765247
0 0.37640801001251567 0.7088607594936709 0.023153942428035045 0.07019562715765247
0 0.3454317897371715 0.7111622554660529 0.02065081351689612 0.06098964326812428
0 0.3454317897371715 0.7111622554660529 0.02065081351689612 0.06098964326812428
0 0.32822277847309134 0.7019562715765247 0.017521902377972465 0.04142692750287687
0 0.32822277847309134 0.7019562715765247 0.017521902377972465 0.04142692750287687