0 0.3188360450563204 0.5914844649021864 0.05944931163954944 0.047180667433831994
0 0.3188360450563204 0.5914844649021864 0.05944931163954944 0.047180667433831994
0 0.29881101376720903 0.5063291139240507 0.01939924906132666 0.03682393555811277
0 0.29881101376720903 0.5063291139240507 0.01939924906132666 0.03682393555811277
0 0.33229036295369213 0.5304948216340621 0.010638297872340425 0.02761795166858458
0 0.33229036295369213 0.5304948216340621 0.010638297872340425 0.02761795166858458
0 0.3404255319148936 0.543728423475259 0.011264080100125156 0.04027617951668585
0 0.3404255319148936 0.543728423475259 0.011264080100125156 0.04027617951668585
0 0.6620775969962454 0.5316455696202531 0.05068836045056321 0.07019562715765247
0 0.6620775969962454 0.5316455696202531 0.05068836045056321 0.07019562715765247
0 0.704630788485607 0.5782508630609896 0.02753441802252816 0.024165707710011506
0 0.704630788485607 0.5782508630609896 0.02753441802252816 0.024165707710011506
0 0.6423654568210263 0.6058688147295742 0.05381727158948686 0.0713463751438435
0 0.6423654568210263 0.6058688147295742 0.05381727158948686 0.0713463751438435
0 0.5985607008760951 0.6300345224395857 0.036921151439299124 0.04372842347525892
0 0.5985607008760951 0.6300345224395857 0.036921151439299124 0.04372842347525892
0 0.2637672090112641 0.5604142692750288 0.01877346683354193 0.019562715765247412