0 0.45431789737171463 0.5575373993095513 0.00688360450563204 0.02531645569620253
0 0.45431789737171463 0.5575373993095513 0.00688360450563204 0.02531645569620253
0 0.48153942428035046 0.5805523590333717 0.016270337922403004 0.03682393555811277
0 0.48153942428035046 0.5805523590333717 0.016270337922403004 0.03682393555811277
0 0.5031289111389237 0.5776754890678941 0.012515644555694618 0.03567318757192175
0 0.5031289111389237 0.5776754890678941 0.012515644555694618 0.03567318757192175
0 0.5885481852315394 0.642692750287687 0.01376720901126408 0.02761795166858458
0 0.5885481852315394 0.642692750287687 0.01376720901126408 0.02761795166858458
0 0.38735919899874843 0.6731875719217492 0.011889862327909888 0.023014959723820484
0 0.38735919899874843 0.6731875719217492 0.011889862327909888 0.023014959723820484
0 0.37922403003754696 0.6472957422324511 0.00688360450563204 0.026467203682393557
0 0.37922403003754696 0.6472957422324511 0.00688360450563204 0.026467203682393557