0 0.2997496871088861 0.4815880322209436 0.030663329161451813 0.06444188722669736
0 0.2997496871088861 0.4815880322209436 0.030663329161451813 0.06444188722669736
0 0.3188360450563204 0.4936708860759494 0.016896120150187734 0.04257767548906789
0 0.3188360450563204 0.4936708860759494 0.016896120150187734 0.04257767548906789
0 0.5244055068836045 0.520138089758343 0.007509386733416771 0.024165707710011506
0 0.5244055068836045 0.520138089758343 0.007509386733416771 0.024165707710011506
0 0.688360450563204 0.4626006904487917 0.005632040050062578 0.02186421173762946
0 0.688360450563204 0.4626006904487917 0.005632040050062578 0.02186421173762946
0 0.6936795994993742 0.46490218642117376 0.0050062578222778474 0.01611047180667434
0 0.6936795994993742 0.46490218642117376 0.0050062578222778474 0.01611047180667434
0 0.648936170212766 0.44994246260069043 0.008760951188986232 0.02186421173762946
0 0.648936170212766 0.44994246260069043 0.008760951188986232 0.02186421173762946
0 0.7634543178973717 0.41714614499424624 0.013141426783479349 0.024165707710011506
0 0.7634543178973717 0.41714614499424624 0.013141426783479349 0.024165707710011506
0 0.7656445556946183 0.5120828538550057 0.02753441802252816 0.04257767548906789
0 0.7656445556946183 0.5120828538550057 0.02753441802252816 0.04257767548906789
0 0.7409261576971214 0.5333716915995397 0.007509386733416771 0.01380897583429229
0 0.7409261576971214 0.5333716915995397 0.007509386733416771 0.01380897583429229
0 0.4045682102628285 0.6444188722669736 0.011889862327909888 0.03682393555811277
0 0.4045682102628285 0.6444188722669736 0.011889862327909888 0.03682393555811277
0 0.27784730913642053 0.6254315304948216 0.010638297872340425 0.028768699654775604
0 0.27784730913642053 0.6254315304948216 0.010638297872340425 0.028768699654775604