0 0.37275 0.6073216520650814 0.012 0.017521902377972465
0 0.37275 0.6073216520650814 0.012 0.017521902377972465
0 0.39225 0.6129536921151439 0.026 0.03128911138923655
0 0.39225 0.6129536921151439 0.026 0.03128911138923655
0 0.386 0.6677096370463079 0.0085 0.02002503128911139
0 0.386 0.6677096370463079 0.0085 0.02002503128911139
0 0.31425 0.66270337922403 0.0115 0.010638297872340425
0 0.31425 0.66270337922403 0.0115 0.010638297872340425
0 0.34375 0.6727158948685857 0.01 0.014392991239048811
0 0.34375 0.6727158948685857 0.01 0.014392991239048811
0 0.41325 0.6664580725907384 0.0065 0.014392991239048811
0 0.41325 0.6664580725907384 0.0065 0.014392991239048811
0 0.5355 0.6276595744680851 0.016 0.01939924906132666
0 0.5355 0.6276595744680851 0.016 0.01939924906132666
0 0.68025 0.6185857321652065 0.006 0.016896120150187734
0 0.68025 0.6185857321652065 0.006 0.016896120150187734