0 0.446029776674938 0.5509433962264151 0.013647642679900745 0.06289308176100629
0 0.446029776674938 0.5509433962264151 0.013647642679900745 0.06289308176100629
0 0.45905707196029777 0.5490566037735849 0.009305210918114143 0.0440251572327044
0 0.45905707196029777 0.5490566037735849 0.009305210918114143 0.0440251572327044
0 0.6237593052109182 0.5660377358490566 0.00620347394540943 0.042767295597484274
0 0.6237593052109182 0.5660377358490566 0.00620347394540943 0.042767295597484274
0 0.6082506203473945 0.5320754716981132 0.016129032258064516 0.033962264150943396
0 0.6082506203473945 0.5320754716981132 0.016129032258064516 0.033962264150943396
0 0.6724565756823822 0.6817610062893081 0.006823821339950372 0.02012578616352201
0 0.6724565756823822 0.6817610062893081 0.006823821339950372 0.02012578616352201
0 0.6063895781637717 0.6628930817610063 0.009925558312655087 0.0389937106918239
0 0.6063895781637717 0.6628930817610063 0.009925558312655087 0.0389937106918239