0 0.3591417910447761 0.49745547073791346 0.01616915422885572 0.03816793893129771
0 0.3591417910447761 0.49745547073791346 0.01616915422885572 0.03816793893129771
0 0.3793532338308458 0.5120865139949109 0.006840796019900498 0.024173027989821884
0 0.3793532338308458 0.5120865139949109 0.006840796019900498 0.024173027989821884
0 0.3880597014925373 0.5114503816793893 0.00808457711442786 0.020356234096692113
0 0.3880597014925373 0.5114503816793893 0.00808457711442786 0.020356234096692113
0 0.5466417910447762 0.5305343511450382 0.005597014925373134 0.027989821882951654
0 0.5466417910447762 0.5305343511450382 0.005597014925373134 0.027989821882951654
0 0.6427238805970149 0.5031806615776081 0.010572139303482588 0.03435114503816794
0 0.6427238805970149 0.5031806615776081 0.010572139303482588 0.03435114503816794
0 0.6651119402985075 0.5025445292620865 0.009328358208955223 0.03816793893129771
0 0.6651119402985075 0.5025445292620865 0.009328358208955223 0.03816793893129771
0 0.6859452736318408 0.5858778625954199 0.007462686567164179 0.01272264631043257
0 0.6859452736318408 0.5858778625954199 0.007462686567164179 0.01272264631043257
0 0.7182835820895522 0.573791348600509 0.006218905472636816 0.020356234096692113
0 0.7182835820895522 0.573791348600509 0.006218905472636816 0.020356234096692113
0 0.6305970149253731 0.6125954198473282 0.005597014925373134 0.017811704834605598
0 0.6305970149253731 0.6125954198473282 0.005597014925373134 0.017811704834605598
0 0.34577114427860695 0.4910941475826972 0.005597014925373134 0.03307888040712468