0 0.6379849812265331 0.7232451093210587 0.009386733416770964 0.031070195627157654
0 0.6379849812265331 0.7232451093210587 0.009386733416770964 0.031070195627157654
0 0.6041927409261577 0.7399309551208285 0.011264080100125156 0.028768699654775604
0 0.6041927409261577 0.7399309551208285 0.011264080100125156 0.028768699654775604
0 0.2065081351689612 0.7543153049482163 0.016896120150187734 0.031070195627157654
0 0.2065081351689612 0.7543153049482163 0.016896120150187734 0.031070195627157654
0 0.22622027534418024 0.7721518987341772 0.017521902377972465 0.026467203682393557
0 0.22622027534418024 0.7721518987341772 0.017521902377972465 0.026467203682393557
0 0.25125156445556945 0.8020713463751439 0.030663329161451813 0.0667433831990794
0 0.25125156445556945 0.8020713463751439 0.030663329161451813 0.0667433831990794
0 0.38235294117647056 0.85385500575374 0.01376720901126408 0.05408515535097814
0 0.38235294117647056 0.85385500575374 0.01376720901126408 0.05408515535097814