0 0.25091799265605874 0.5614906832298137 0.00795593635250918 0.02732919254658385
0 0.25091799265605874 0.5614906832298137 0.00795593635250918 0.02732919254658385
0 0.3390452876376989 0.5826086956521739 0.022643818849449205 0.07080745341614907
0 0.3390452876376989 0.5826086956521739 0.022643818849449205 0.07080745341614907
0 0.3616891064871481 0.546583850931677 0.028151774785801713 0.034782608695652174
0 0.3616891064871481 0.546583850931677 0.028151774785801713 0.034782608695652174
0 0.4130966952264382 0.562111801242236 0.011015911872705019 0.0484472049689441
0 0.4130966952264382 0.562111801242236 0.011015911872705019 0.0484472049689441
0 0.6606487148102815 0.5627329192546584 0.022643818849449205 0.055900621118012424
0 0.6606487148102815 0.5627329192546584 0.022643818849449205 0.055900621118012424
0 0.731640146878825 0.6037267080745342 0.05018359853121175 0.09440993788819876
0 0.731640146878825 0.6037267080745342 0.05018359853121175 0.09440993788819876
0 0.4109547123623011 0.6962732919254658 0.028151774785801713 0.055900621118012424
0 0.4109547123623011 0.6962732919254658 0.028151774785801713 0.055900621118012424