0 0.402 0.636107634543179 0.0345 0.023779724655819776
0 0.402 0.636107634543179 0.0345 0.023779724655819776
0 0.34675 0.623279098873592 0.008 0.02690863579474343
0 0.34675 0.623279098873592 0.008 0.02690863579474343
0 0.381 0.6323529411764706 0.012 0.02753441802252816
0 0.381 0.6323529411764706 0.012 0.02753441802252816
0 0.31575 0.5766583229036295 0.0095 0.008760951188986232
0 0.31575 0.5766583229036295 0.0095 0.008760951188986232
0 0.334 0.5838548185231539 0.01 0.015018773466833541
0 0.334 0.5838548185231539 0.01 0.015018773466833541
0 0.60975 0.64549436795995 0.0275 0.015018773466833541
0 0.60975 0.64549436795995 0.0275 0.015018773466833541
0 0.6475 0.6379849812265331 0.0395 0.009386733416770964
0 0.6475 0.6379849812265331 0.0395 0.009386733416770964
0 0.62975 0.6151439299123905 0.0105 0.023779724655819776
0 0.62975 0.6151439299123905 0.0105 0.023779724655819776
0 0.64325 0.6176470588235294 0.0085 0.028160200250312892
0 0.64325 0.6176470588235294 0.0085 0.028160200250312892
0 0.70375 0.6279724655819775 0.0165 0.010012515644555695
0 0.70375 0.6279724655819775 0.0165 0.010012515644555695
0 0.708 0.5869837296620776 0.017 0.011889862327909888