0 0.21120150187734668 0.49597238204833144 0.02127659574468085 0.05868814729574223
0 0.21120150187734668 0.49597238204833144 0.02127659574468085 0.05868814729574223
0 0.4555694618272841 0.5747986191024166 0.016270337922403004 0.04833141542002301
0 0.4555694618272841 0.5747986191024166 0.016270337922403004 0.04833141542002301
0 0.4784105131414268 0.5811277330264673 0.02002503128911139 0.05293440736478711
0 0.4784105131414268 0.5811277330264673 0.02002503128911139 0.05293440736478711
0 0.493116395494368 0.5857307249712314 0.011264080100125156 0.0333716915995397
0 0.493116395494368 0.5857307249712314 0.011264080100125156 0.0333716915995397
0 0.6117021276595744 0.5661680092059839 0.011264080100125156 0.03452243958573072
0 0.6117021276595744 0.5661680092059839 0.011264080100125156 0.03452243958573072
0 0.6223404255319149 0.5632911392405063 0.008760951188986232 0.02531645569620253
0 0.6223404255319149 0.5632911392405063 0.008760951188986232 0.02531645569620253
0 0.7027534418022529 0.6588032220943614 0.016270337922403004 0.04257767548906789
0 0.7027534418022529 0.6588032220943614 0.016270337922403004 0.04257767548906789
0 0.6151439299123905 0.6708860759493671 0.008760951188986232 0.03452243958573072
0 0.6151439299123905 0.6708860759493671 0.008760951188986232 0.03452243958573072