0 0.21214017521902379 0.4482163406214039 0.011889862327909888 0.03567318757192175
0 0.21214017521902379 0.4482163406214039 0.011889862327909888 0.03567318757192175
0 0.23967459324155194 0.47756041426927504 0.02190237797246558 0.07364787111622555
0 0.23967459324155194 0.47756041426927504 0.02190237797246558 0.07364787111622555
0 0.5988735919899875 0.6283084004602992 0.0050062578222778474 0.019562715765247412
0 0.5988735919899875 0.6283084004602992 0.0050062578222778474 0.019562715765247412
0 0.60450563204005 0.6277330264672036 0.0050062578222778474 0.018411967779056387
0 0.60450563204005 0.6277330264672036 0.0050062578222778474 0.018411967779056387
0 0.5416145181476846 0.6323360184119677 0.007509386733416771 0.024165707710011506
0 0.5416145181476846 0.6323360184119677 0.007509386733416771 0.024165707710011506
0 0.4211514392991239 0.6386651323360184 0.010012515644555695 0.031070195627157654
0 0.4211514392991239 0.6386651323360184 0.010012515644555695 0.031070195627157654