0 0.7071339173967459 0.5414269275028769 0.025031289111389236 0.0667433831990794
0 0.7071339173967459 0.5414269275028769 0.025031289111389236 0.0667433831990794
0 0.6492490613266583 0.6547756041426928 0.011889862327909888 0.0333716915995397
0 0.6492490613266583 0.6547756041426928 0.011889862327909888 0.0333716915995397
0 0.6389236545682102 0.6588032220943614 0.010012515644555695 0.024165707710011506
0 0.6389236545682102 0.6588032220943614 0.010012515644555695 0.024165707710011506
0 0.6185857321652065 0.6582278481012658 0.009386733416770964 0.012658227848101266
0 0.6185857321652065 0.6582278481012658 0.009386733416770964 0.012658227848101266
0 0.36576971214017523 0.5563866513233602 0.02252816020025031 0.05063291139240506
0 0.36576971214017523 0.5563866513233602 0.02252816020025031 0.05063291139240506
0 0.3460575719649562 0.5529344073647872 0.023153942428035045 0.05523590333716916
0 0.3460575719649562 0.5529344073647872 0.023153942428035045 0.05523590333716916
0 0.3122653316645807 0.5489067894131185 0.010012515644555695 0.03682393555811277
0 0.3122653316645807 0.5489067894131185 0.010012515644555695 0.03682393555811277
0 0.2618898623279099 0.5299194476409667 0.011264080100125156 0.026467203682393557
0 0.2618898623279099 0.5299194476409667 0.011264080100125156 0.026467203682393557
0 0.24061326658322904 0.620253164556962 0.05319148936170213 0.03682393555811277
0 0.24061326658322904 0.620253164556962 0.05319148936170213 0.03682393555811277
0 0.2737797246558198 0.6329113924050633 0.007509386733416771 0.02531645569620253
0 0.2737797246558198 0.6329113924050633 0.007509386733416771 0.02531645569620253
0 0.33291614518147683 0.6570771001150748 0.016270337922403004 0.02991944764096663
0 0.33291614518147683 0.6570771001150748 0.016270337922403004 0.02991944764096663
0 0.32196495619524407 0.6542002301495973 0.010012515644555695 0.023014959723820484
0 0.32196495619524407 0.6542002301495973 0.010012515644555695 0.023014959723820484