0 0.28488372093023256 0.5273291925465838 0.019583843329253364 0.0546583850931677
0 0.28488372093023256 0.5273291925465838 0.019583843329253364 0.0546583850931677
0 0.32833537331701346 0.5248447204968945 0.009791921664626682 0.02236024844720497
0 0.32833537331701346 0.5248447204968945 0.009791921664626682 0.02236024844720497
0 0.3681150550795594 0.5242236024844721 0.009791921664626682 0.03229813664596273
0 0.3681150550795594 0.5242236024844721 0.009791921664626682 0.03229813664596273
0 0.3812729498164015 0.5204968944099378 0.01040391676866585 0.024844720496894408
0 0.3812729498164015 0.5204968944099378 0.01040391676866585 0.024844720496894408
0 0.5223378212974297 0.5881987577639751 0.00795593635250918 0.02360248447204969
0 0.5223378212974297 0.5881987577639751 0.00795593635250918 0.02360248447204969
0 0.7068543451652387 0.5677018633540373 0.006731946144430845 0.024844720496894408
0 0.7068543451652387 0.5677018633540373 0.006731946144430845 0.024844720496894408
0 0.25856793145654833 0.6521739130434783 0.012239902080783354 0.040993788819875775
0 0.25856793145654833 0.6521739130434783 0.012239902080783354 0.040993788819875775