0 0.24541003671970624 0.4763975155279503 0.03182374541003672 0.06459627329192547
0 0.24541003671970624 0.4763975155279503 0.03182374541003672 0.06459627329192547
0 0.26744186046511625 0.4956521739130435 0.011627906976744186 0.0422360248447205
0 0.26744186046511625 0.4956521739130435 0.011627906976744186 0.0422360248447205
0 0.31150550795593634 0.5062111801242236 0.012239902080783354 0.037267080745341616
0 0.31150550795593634 0.5062111801242236 0.012239902080783354 0.037267080745341616
0 0.3730110159118727 0.5161490683229814 0.030599755201958383 0.05341614906832298
0 0.3730110159118727 0.5161490683229814 0.030599755201958383 0.05341614906832298
0 0.39443084455324356 0.5360248447204969 0.017135862913096694 0.03229813664596273
0 0.39443084455324356 0.5360248447204969 0.017135862913096694 0.03229813664596273
0 0.6245410036719706 0.5602484472049689 0.009179926560587515 0.037267080745341616
0 0.6245410036719706 0.5602484472049689 0.009179926560587515 0.037267080745341616
0 0.6866585067319462 0.522360248447205 0.028151774785801713 0.10186335403726708
0 0.6866585067319462 0.522360248447205 0.028151774785801713 0.10186335403726708
0 0.7454100367197063 0.5161490683229814 0.01040391676866585 0.02857142857142857
0 0.7454100367197063 0.5161490683229814 0.01040391676866585 0.02857142857142857