0 0.631578947368421 0.5260869565217391 0.025091799265605876 0.08198757763975155
0 0.631578947368421 0.5260869565217391 0.025091799265605876 0.08198757763975155
0 0.716952264381885 0.6267080745341614 0.006119951040391677 0.02981366459627329
0 0.716952264381885 0.6267080745341614 0.006119951040391677 0.02981366459627329
0 0.6634026927784578 0.6428571428571429 0.009791921664626682 0.02981366459627329
0 0.6634026927784578 0.6428571428571429 0.009791921664626682 0.02981366459627329
0 0.6227050183598531 0.6571428571428571 0.011015911872705019 0.024844720496894408
0 0.6227050183598531 0.6571428571428571 0.011015911872705019 0.024844720496894408
0 0.6725826193390453 0.6496894409937888 0.011015911872705019 0.02236024844720497
0 0.6725826193390453 0.6496894409937888 0.011015911872705019 0.02236024844720497
0 0.28671970624235005 0.6161490683229813 0.031211750305997554 0.08074534161490683