0 0.23476923076923076 0.47724399494311 0.021538461538461538 0.051833122629582805
0 0.23476923076923076 0.47724399494311 0.021538461538461538 0.051833122629582805
0 0.35938461538461536 0.47281921618204803 0.011692307692307693 0.039190897597977246
0 0.35938461538461536 0.47281921618204803 0.011692307692307693 0.039190897597977246
0 0.5430769230769231 0.43426042983565105 0.006153846153846154 0.022756005056890013
0 0.5430769230769231 0.43426042983565105 0.006153846153846154 0.022756005056890013
0 0.6187692307692307 0.461441213653603 0.028923076923076923 0.08217446270543616
0 0.6187692307692307 0.461441213653603 0.028923076923076923 0.08217446270543616
0 0.7489230769230769 0.4683944374209861 0.016615384615384615 0.05941845764854614
0 0.7489230769230769 0.4683944374209861 0.016615384615384615 0.05941845764854614
0 0.7676923076923077 0.47029077117572693 0.019076923076923078 0.045512010113780026
0 0.7676923076923077 0.47029077117572693 0.019076923076923078 0.045512010113780026
0 0.7852307692307692 0.565739570164349 0.020307692307692308 0.025284450063211124
0 0.7852307692307692 0.565739570164349 0.020307692307692308 0.025284450063211124
0 0.7504615384615385 0.584070796460177 0.010461538461538461 0.0316055625790139
0 0.7504615384615385 0.584070796460177 0.010461538461538461 0.0316055625790139
0 0.6510769230769231 0.588495575221239 0.008615384615384615 0.0316055625790139
0 0.6510769230769231 0.588495575221239 0.008615384615384615 0.0316055625790139
0 0.37353846153846154 0.5897597977243995 0.008615384615384615 0.03666245259165613
0 0.37353846153846154 0.5897597977243995 0.008615384615384615 0.03666245259165613
0 0.36430769230769233 0.5960809102402023 0.008 0.02654867256637168
0 0.36430769230769233 0.5960809102402023 0.008 0.02654867256637168
0 0.33876923076923077 0.6024020227560051 0.016 0.06447534766118837
0 0.33876923076923077 0.6024020227560051 0.016 0.06447534766118837
0 0.31661538461538463 0.606826801517067 0.022153846153846152 0.08849557522123894
0 0.31661538461538463 0.606826801517067 0.022153846153846152 0.08849557522123894
0 0.19476923076923078 0.5701643489254109 0.017846153846153845 0.021491782553729456
0 0.19476923076923078 0.5701643489254109 0.017846153846153845 0.021491782553729456
0 0.2003076923076923 0.48419721871049304 0.024615384615384615 0.045512010113780026