0 0.3439607602697731 0.5255292652552926 0.027590435315757205 0.052303860523038606
0 0.3439607602697731 0.5255292652552926 0.027590435315757205 0.052303860523038606
0 0.36174126302881665 0.5317559153175592 0.009196811771919068 0.028642590286425903
0 0.36174126302881665 0.5317559153175592 0.009196811771919068 0.028642590286425903
0 0.463519313304721 0.5772104607721046 0.005518087063151441 0.039850560398505604
0 0.463519313304721 0.5772104607721046 0.005518087063151441 0.039850560398505604
0 0.6134273451870018 0.6706102117061021 0.011649294911097487 0.038605230386052306
0 0.6134273451870018 0.6706102117061021 0.011649294911097487 0.038605230386052306
0 0.6030042918454935 0.6924034869240349 0.012875536480686695 0.029887920298879204
0 0.6030042918454935 0.6924034869240349 0.012875536480686695 0.029887920298879204
0 0.3635806253832005 0.6693648816936488 0.0134886572654813 0.043586550435865505
0 0.3635806253832005 0.6693648816936488 0.0134886572654813 0.043586550435865505
0 0.2676272225628449 0.6544209215442092 0.008583690987124463 0.017434620174346202
0 0.2676272225628449 0.6544209215442092 0.008583690987124463 0.017434620174346202
0 0.315450643776824 0.6500622665006227 0.0061312078479460455 0.037359900373599
0 0.315450643776824 0.6500622665006227 0.0061312078479460455 0.037359900373599
0 0.2559779276517474 0.6220423412204235 0.024524831391784182 0.062266500622665005