0 0.2587873462214411 0.38011152416356875 0.014938488576449912 0.05204460966542751
0 0.2587873462214411 0.38011152416356875 0.014938488576449912 0.05204460966542751
0 0.37170474516695956 0.40985130111524165 0.027240773286467488 0.046468401486988845
0 0.37170474516695956 0.40985130111524165 0.027240773286467488 0.046468401486988845
0 0.7280316344463972 0.3745353159851301 0.007908611599297012 0.026022304832713755
0 0.7280316344463972 0.3745353159851301 0.007908611599297012 0.026022304832713755
0 0.6867311072056239 0.5092936802973977 0.008787346221441126 0.02973977695167286
0 0.6867311072056239 0.5092936802973977 0.008787346221441126 0.02973977695167286
0 0.679261862917399 0.5213754646840149 0.011423550087873463 0.03345724907063197
0 0.679261862917399 0.5213754646840149 0.011423550087873463 0.03345724907063197
0 0.6568541300527241 0.5204460966542751 0.021968365553602813 0.016728624535315983
0 0.6568541300527241 0.5204460966542751 0.021968365553602813 0.016728624535315983
0 0.6414762741652021 0.533457249070632 0.011423550087873463 0.03531598513011153
0 0.6414762741652021 0.533457249070632 0.011423550087873463 0.03531598513011153
0 0.6309314586994728 0.5315985130111525 0.009666080843585237 0.027881040892193308
0 0.6309314586994728 0.5315985130111525 0.009666080843585237 0.027881040892193308
0 0.37565905096660807 0.5343866171003717 0.013181019332161687 0.03903345724907063
0 0.37565905096660807 0.5343866171003717 0.013181019332161687 0.03903345724907063
0 0.36511423550087874 0.5371747211895911 0.01054481546572935 0.031598513011152414
0 0.36511423550087874 0.5371747211895911 0.01054481546572935 0.031598513011152414
0 0.3181019332161687 0.5148698884758365 0.011423550087873463 0.03345724907063197
0 0.3181019332161687 0.5148698884758365 0.011423550087873463 0.03345724907063197
0 0.3093145869947276 0.5148698884758365 0.012302284710017574 0.026022304832713755