0 0.4646433041301627 0.5667433831990794 0.016896120150187734 0.06329113924050633
0 0.4646433041301627 0.5667433831990794 0.016896120150187734 0.06329113924050633
0 0.4787234042553192 0.5886075949367089 0.018147684605757195 0.03567318757192175
0 0.4787234042553192 0.5886075949367089 0.018147684605757195 0.03567318757192175
0 0.5125156445556946 0.5840046029919448 0.010012515644555695 0.039125431530494824
0 0.5125156445556946 0.5840046029919448 0.010012515644555695 0.039125431530494824
0 0.7471839799749687 0.5811277330264673 0.031914893617021274 0.04833141542002301
0 0.7471839799749687 0.5811277330264673 0.031914893617021274 0.04833141542002301
0 0.6727158948685857 0.6513233601841196 0.007509386733416771 0.02531645569620253
0 0.6727158948685857 0.6513233601841196 0.007509386733416771 0.02531645569620253
0 0.613892365456821 0.6421173762945915 0.015644555694618274 0.04948216340621404
0 0.613892365456821 0.6421173762945915 0.015644555694618274 0.04948216340621404