0 0.2758728179551122 0.4595959595959596 0.011845386533665835 0.045454545454545456
0 0.2758728179551122 0.4595959595959596 0.011845386533665835 0.045454545454545456
0 0.3905860349127182 0.5606060606060606 0.01807980049875312 0.04671717171717172
0 0.3905860349127182 0.5606060606060606 0.01807980049875312 0.04671717171717172
0 0.557356608478803 0.5871212121212122 0.007481296758104738 0.03787878787878788
0 0.557356608478803 0.5871212121212122 0.007481296758104738 0.03787878787878788
0 0.6028678304239401 0.5555555555555556 0.02119700748129676 0.056818181818181816
0 0.6028678304239401 0.5555555555555556 0.02119700748129676 0.056818181818181816
0 0.6228179551122195 0.538510101010101 0.0199501246882793 0.06186868686868687
0 0.6228179551122195 0.538510101010101 0.0199501246882793 0.06186868686868687
0 0.7415835411471322 0.577020202020202 0.018703241895261846 0.04040404040404041
0 0.7415835411471322 0.577020202020202 0.018703241895261846 0.04040404040404041
0 0.7019950124688279 0.6022727272727273 0.00997506234413965 0.030303030303030304
0 0.7019950124688279 0.6022727272727273 0.00997506234413965 0.030303030303030304
0 0.6948254364089775 0.6066919191919192 0.007481296758104738 0.03156565656565657
0 0.6948254364089775 0.6066919191919192 0.007481296758104738 0.03156565656565657
0 0.6502493765586035 0.6313131313131313 0.017456359102244388 0.03282828282828283
0 0.6502493765586035 0.6313131313131313 0.017456359102244388 0.03282828282828283
0 0.6399625935162094 0.6407828282828283 0.011845386533665835 0.027777777777777776
0 0.6399625935162094 0.6407828282828283 0.011845386533665835 0.027777777777777776
0 0.27680798004987534 0.6029040404040404 0.025561097256857856 0.041666666666666664