0 0.3878185208203853 0.5709718670076727 0.009322560596643879 0.026854219948849106
0 0.3878185208203853 0.5709718670076727 0.009322560596643879 0.026854219948849106
0 0.6258545680546923 0.559462915601023 0.024238657551274082 0.08951406649616368
0 0.6258545680546923 0.559462915601023 0.024238657551274082 0.08951406649616368
0 0.7159726538222498 0.6694373401534527 0.006836544437538844 0.02557544757033248
0 0.7159726538222498 0.6694373401534527 0.006836544437538844 0.02557544757033248
0 0.6709136109384711 0.6937340153452686 0.006836544437538844 0.01918158567774936
0 0.6709136109384711 0.6937340153452686 0.006836544437538844 0.01918158567774936
0 0.6615910503418272 0.6930946291560103 0.008079552517091361 0.028132992327365727
0 0.6615910503418272 0.6930946291560103 0.008079552517091361 0.028132992327365727
0 0.6193287756370417 0.6975703324808185 0.009944064636420136 0.02557544757033248
0 0.6193287756370417 0.6975703324808185 0.009944064636420136 0.02557544757033248
0 0.39216904909881917 0.680306905370844 0.0074580484773151025 0.014066496163682864
0 0.39216904909881917 0.680306905370844 0.0074580484773151025 0.014066496163682864
0 0.3769422001243008 0.6758312020460358 0.006215040397762586 0.021739130434782608
0 0.3769422001243008 0.6758312020460358 0.006215040397762586 0.021739130434782608
0 0.2799875699192045 0.6585677749360613 0.032318210068365445 0.0741687979539642
0 0.2799875699192045 0.6585677749360613 0.032318210068365445 0.0741687979539642
0 0.5043505282784339 0.578005115089514 0.0037290242386575512 0.01918158567774936