0 0.268859649122807 0.5 0.013157894736842105 0.02973977695167286
0 0.268859649122807 0.5 0.013157894736842105 0.02973977695167286
0 0.6416666666666667 0.5492565055762082 0.007894736842105263 0.024163568773234202
0 0.6416666666666667 0.5492565055762082 0.007894736842105263 0.024163568773234202
0 0.6855263157894737 0.516728624535316 0.0061403508771929825 0.01858736059479554
0 0.6855263157894737 0.516728624535316 0.0061403508771929825 0.01858736059479554
0 0.6495614035087719 0.5455390334572491 0.005263157894736842 0.022304832713754646
0 0.6495614035087719 0.5455390334572491 0.005263157894736842 0.022304832713754646
0 0.6653508771929825 0.6338289962825279 0.04298245614035088 0.06691449814126393
0 0.6653508771929825 0.6338289962825279 0.04298245614035088 0.06691449814126393
0 0.29736842105263156 0.6096654275092936 0.01929824561403509 0.048327137546468404
0 0.29736842105263156 0.6096654275092936 0.01929824561403509 0.048327137546468404