0 0.3864749082007344 0.5478260869565217 0.011015911872705019 0.024844720496894408
0 0.3864749082007344 0.5478260869565217 0.011015911872705019 0.024844720496894408
0 0.35312117503059975 0.5366459627329192 0.01040391676866585 0.024844720496894408
0 0.35312117503059975 0.5366459627329192 0.01040391676866585 0.024844720496894408
0 0.6257649938800489 0.5701863354037268 0.011015911872705019 0.02236024844720497
0 0.6257649938800489 0.5701863354037268 0.011015911872705019 0.02236024844720497
0 0.640452876376989 0.5614906832298137 0.01040391676866585 0.02236024844720497
0 0.640452876376989 0.5614906832298137 0.01040391676866585 0.02236024844720497
0 0.6884944920440637 0.6527950310559006 0.00795593635250918 0.013664596273291925
0 0.6884944920440637 0.6527950310559006 0.00795593635250918 0.013664596273291925
0 0.6814565483476133 0.6571428571428571 0.006119951040391677 0.017391304347826087
0 0.6814565483476133 0.6571428571428571 0.006119951040391677 0.017391304347826087
0 0.6367809057527539 0.675776397515528 0.009791921664626682 0.024844720496894408
0 0.6367809057527539 0.675776397515528 0.009791921664626682 0.024844720496894408
0 0.6297429620563035 0.6770186335403726 0.0073439412484700125 0.02608695652173913
0 0.6297429620563035 0.6770186335403726 0.0073439412484700125 0.02608695652173913
0 0.3840269277845777 0.6614906832298136 0.012851897184822521 0.02360248447204969
0 0.3840269277845777 0.6614906832298136 0.012851897184822521 0.02360248447204969
0 0.36995104039167687 0.6602484472049689 0.011627906976744186 0.02236024844720497
0 0.36995104039167687 0.6602484472049689 0.011627906976744186 0.02236024844720497
0 0.33017135862913094 0.6447204968944099 0.008567931456548347 0.016149068322981366