0 0.359547123623011 0.46273291925465837 0.02447980416156671 0.037267080745341616
0 0.359547123623011 0.46273291925465837 0.02447980416156671 0.037267080745341616
0 0.4605263157894737 0.4832298136645963 0.008567931456548347 0.049689440993788817
0 0.4605263157894737 0.4832298136645963 0.008567931456548347 0.049689440993788817
0 0.7050183598531212 0.40248447204968946 0.02447980416156671 0.07080745341614907
0 0.7050183598531212 0.40248447204968946 0.02447980416156671 0.07080745341614907
0 0.7307221542227662 0.4919254658385093 0.031211750305997554 0.0670807453416149
0 0.7307221542227662 0.4919254658385093 0.031211750305997554 0.0670807453416149
0 0.6820685434516524 0.5515527950310559 0.05018359853121175 0.07577639751552795
0 0.6820685434516524 0.5515527950310559 0.05018359853121175 0.07577639751552795
0 0.6119951040391677 0.5602484472049689 0.0055079559363525096 0.03229813664596273
0 0.6119951040391677 0.5602484472049689 0.0055079559363525096 0.03229813664596273