0 0.29881101376720903 0.44476409666283084 0.03879849812265332 0.06559263521288838
0 0.29881101376720903 0.44476409666283084 0.03879849812265332 0.06559263521288838
0 0.3532540675844806 0.451668584579977 0.023153942428035045 0.05983889528193326
0 0.3532540675844806 0.451668584579977 0.023153942428035045 0.05983889528193326
0 0.3285356695869837 0.44649021864211735 0.02127659574468085 0.0667433831990794
0 0.3285356695869837 0.44649021864211735 0.02127659574468085 0.0667433831990794
0 0.6076345431789737 0.47756041426927504 0.028785982478097622 0.07940161104718067
0 0.6076345431789737 0.47756041426927504 0.028785982478097622 0.07940161104718067
0 0.6442428035043805 0.4700805523590334 0.006257822277847309 0.023014959723820484
0 0.6442428035043805 0.4700805523590334 0.006257822277847309 0.023014959723820484
0 0.675531914893617 0.570771001150748 0.030663329161451813 0.06904487917146145
0 0.675531914893617 0.570771001150748 0.030663329161451813 0.06904487917146145
0 0.5926157697121401 0.596662830840046 0.016270337922403004 0.0379746835443038
0 0.5926157697121401 0.596662830840046 0.016270337922403004 0.0379746835443038
0 0.5816645807259074 0.5937859608745685 0.011889862327909888 0.03567318757192175
0 0.5816645807259074 0.5937859608745685 0.011889862327909888 0.03567318757192175
0 0.38704630788485606 0.5880322209436134 0.02690863579474343 0.06789413118527042
0 0.38704630788485606 0.5880322209436134 0.02690863579474343 0.06789413118527042
0 0.3617021276595745 0.5834292289988493 0.036921151439299124 0.09321058688147296
0 0.3617021276595745 0.5834292289988493 0.036921151439299124 0.09321058688147296