0 0.34167709637046306 0.5483314154200231 0.026282853566958697 0.05063291139240506
0 0.34167709637046306 0.5483314154200231 0.026282853566958697 0.05063291139240506
0 0.6314142678347935 0.5805523590333717 0.006257822277847309 0.023014959723820484
0 0.6314142678347935 0.5805523590333717 0.006257822277847309 0.023014959723820484
0 0.6379849812265331 0.5794016110471807 0.0050062578222778474 0.02186421173762946
0 0.6379849812265331 0.5794016110471807 0.0050062578222778474 0.02186421173762946
0 0.6614518147684606 0.5684695051783659 0.006257822277847309 0.031070195627157654
0 0.6614518147684606 0.5684695051783659 0.006257822277847309 0.031070195627157654
0 0.6695869837296621 0.5632911392405063 0.007509386733416771 0.03452243958573072
0 0.6695869837296621 0.5632911392405063 0.007509386733416771 0.03452243958573072
0 0.7093241551939925 0.5402761795166858 0.010012515644555695 0.03682393555811277
0 0.7093241551939925 0.5402761795166858 0.010012515644555695 0.03682393555811277
0 0.718397997496871 0.5379746835443038 0.015018773466833541 0.02531645569620253
0 0.718397997496871 0.5379746835443038 0.015018773466833541 0.02531645569620253
0 0.6983729662077597 0.6260069044879172 0.00688360450563204 0.01726121979286536
0 0.6983729662077597 0.6260069044879172 0.00688360450563204 0.01726121979286536
0 0.690863579474343 0.6231300345224395 0.004380475594493116 0.024165707710011506
0 0.690863579474343 0.6231300345224395 0.004380475594493116 0.024165707710011506