0 0.6896120150187734 0.5391254315304949 0.007509386733416771 0.020713463751438434
0 0.6896120150187734 0.5391254315304949 0.007509386733416771 0.020713463751438434
0 0.6989987484355444 0.5356731875719217 0.006257822277847309 0.02531645569620253
0 0.6989987484355444 0.5356731875719217 0.006257822277847309 0.02531645569620253
0 0.7274718397997497 0.6398158803222095 0.008135168961201502 0.04487917146144994
0 0.7274718397997497 0.6398158803222095 0.008135168961201502 0.04487917146144994
0 0.6827284105131415 0.6628308400460299 0.012515644555694618 0.024165707710011506
0 0.6827284105131415 0.6628308400460299 0.012515644555694618 0.024165707710011506
0 0.3448060075093867 0.6634062140391255 0.014392991239048811 0.031070195627157654
0 0.3448060075093867 0.6634062140391255 0.014392991239048811 0.031070195627157654
0 0.30663329161451813 0.6720368239355581 0.028785982478097622 0.05408515535097814
0 0.30663329161451813 0.6720368239355581 0.028785982478097622 0.05408515535097814