0 0.5008787346221442 0.4879182156133829 0.012302284710017574 0.04275092936802974
0 0.5008787346221442 0.4879182156133829 0.012302284710017574 0.04275092936802974
0 0.5953427065026362 0.44423791821561337 0.03163444639718805 0.07806691449814127
0 0.5953427065026362 0.44423791821561337 0.03163444639718805 0.07806691449814127
0 0.6717926186291739 0.4423791821561338 0.008787346221441126 0.03903345724907063
0 0.6717926186291739 0.4423791821561338 0.008787346221441126 0.03903345724907063
0 0.7021089630931459 0.4368029739776952 0.009666080843585237 0.05018587360594796
0 0.7021089630931459 0.4368029739776952 0.009666080843585237 0.05018587360594796
0 0.7161687170474517 0.4284386617100372 0.011423550087873463 0.027881040892193308
0 0.7161687170474517 0.4284386617100372 0.011423550087873463 0.027881040892193308
0 0.7390158172231986 0.5046468401486989 0.037785588752196834 0.05947955390334572
0 0.7390158172231986 0.5046468401486989 0.037785588752196834 0.05947955390334572
0 0.6432337434094904 0.54182156133829 0.022847100175746926 0.03345724907063197
0 0.6432337434094904 0.54182156133829 0.022847100175746926 0.03345724907063197
0 0.31766256590509667 0.5734200743494424 0.01054481546572935 0.02973977695167286
0 0.31766256590509667 0.5734200743494424 0.01054481546572935 0.02973977695167286
0 0.2631810193321617 0.5213754646840149 0.014938488576449912 0.03531598513011153