0 0.2565707133917397 0.6375143843498274 0.023779724655819776 0.03682393555811277
0 0.2565707133917397 0.6375143843498274 0.023779724655819776 0.03682393555811277
0 0.28191489361702127 0.6760644418872267 0.011264080100125156 0.0379746835443038
0 0.28191489361702127 0.6760644418872267 0.011264080100125156 0.0379746835443038
0 0.27941176470588236 0.6536248561565017 0.008135168961201502 0.023014959723820484
0 0.27941176470588236 0.6536248561565017 0.008135168961201502 0.023014959723820484
0 0.5891739674593242 0.6680092059838896 0.014392991239048811 0.020713463751438434
0 0.5891739674593242 0.6680092059838896 0.014392991239048811 0.020713463751438434
0 0.6980600750938674 0.6334867663981588 0.02252816020025031 0.028768699654775604
0 0.6980600750938674 0.6334867663981588 0.02252816020025031 0.028768699654775604
0 0.7287234042553191 0.6386651323360184 0.012515644555694618 0.039125431530494824
0 0.7287234042553191 0.6386651323360184 0.012515644555694618 0.039125431530494824
0 0.636107634543179 0.57307249712313 0.008760951188986232 0.03567318757192175
0 0.636107634543179 0.57307249712313 0.008760951188986232 0.03567318757192175
0 0.2681476846057572 0.5569620253164557 0.008135168961201502 0.026467203682393557
0 0.2681476846057572 0.5569620253164557 0.008135168961201502 0.026467203682393557
0 0.2609511889862328 0.5540851553509781 0.005632040050062578 0.02991944764096663
0 0.2609511889862328 0.5540851553509781 0.005632040050062578 0.02991944764096663
0 0.2399874843554443 0.5448791714614499 0.018147684605757195 0.020713463751438434