0 0.7708860759493671 0.44663278271918677 0.03734177215189873 0.08513341804320203
0 0.7708860759493671 0.44663278271918677 0.03734177215189873 0.08513341804320203
0 0.7379746835443038 0.47522236340533675 0.015189873417721518 0.04193138500635324
0 0.7379746835443038 0.47522236340533675 0.015189873417721518 0.04193138500635324
0 0.7041139240506329 0.5095298602287166 0.014556962025316455 0.04701397712833545
0 0.7041139240506329 0.5095298602287166 0.014556962025316455 0.04701397712833545
0 0.6784810126582278 0.531130876747141 0.03860759493670886 0.054637865311308764
0 0.6784810126582278 0.531130876747141 0.03860759493670886 0.054637865311308764
0 0.6563291139240506 0.5495552731893265 0.015189873417721518 0.043202033036848796
0 0.6563291139240506 0.5495552731893265 0.015189873417721518 0.043202033036848796
0 0.6367088607594936 0.5641677255400254 0.00949367088607595 0.03430749682337993
0 0.6367088607594936 0.5641677255400254 0.00949367088607595 0.03430749682337993
0 0.4487341772151899 0.5393900889453621 0.008227848101265823 0.044472681067344345
0 0.4487341772151899 0.5393900889453621 0.008227848101265823 0.044472681067344345
0 0.25506329113924053 0.45616264294790343 0.030379746835443037 0.08386277001270648
0 0.25506329113924053 0.45616264294790343 0.030379746835443037 0.08386277001270648
0 0.29240506329113924 0.6168996188055909 0.020253164556962026 0.035578144853875476
0 0.29240506329113924 0.6168996188055909 0.020253164556962026 0.035578144853875476
0 0.23924050632911392 0.5673443456162643 0.017721518987341773 0.04066073697585769
0 0.23924050632911392 0.5673443456162643 0.017721518987341773 0.04066073697585769
0 0.3310126582278481 0.6397712833545108 0.02088607594936709 0.044472681067344345
0 0.3310126582278481 0.6397712833545108 0.02088607594936709 0.044472681067344345
0 0.38354430379746834 0.6842439644218552 0.020253164556962026 0.052096569250317665
0 0.38354430379746834 0.6842439644218552 0.020253164556962026 0.052096569250317665
0 0.40443037974683543 0.6905972045743329 0.00949367088607595 0.030495552731893267
0 0.40443037974683543 0.6905972045743329 0.00949367088607595 0.030495552731893267
0 0.5392405063291139 0.6988564167725541 0.022151898734177215 0.053367217280813214
0 0.5392405063291139 0.6988564167725541 0.022151898734177215 0.053367217280813214
0 0.5734177215189873 0.7185514612452351 0.010759493670886076 0.03811944091486658
0 0.5734177215189873 0.7185514612452351 0.010759493670886076 0.03811944091486658
0 0.5825949367088608 0.7204574332909784 0.006329113924050633 0.043202033036848796
0 0.5825949367088608 0.7204574332909784 0.006329113924050633 0.043202033036848796
0 0.6015822784810126 0.7363405336721728 0.010126582278481013 0.021601016518424398
0 0.6015822784810126 0.7363405336721728 0.010126582278481013 0.021601016518424398
0 0.6623417721518987 0.7013977128335451 0.04240506329113924 0.07623888182973317
0 0.6623417721518987 0.7013977128335451 0.04240506329113924 0.07623888182973317
0 0.6914556962025317 0.6797966963151207 0.015822784810126583 0.035578144853875476
0 0.6914556962025317 0.6797966963151207 0.015822784810126583 0.035578144853875476
0 0.7278481012658228 0.6467598475222364 0.017721518987341773 0.054637865311308764
0 0.7278481012658228 0.6467598475222364 0.017721518987341773 0.054637865311308764
0 0.7458860759493671 0.6283354510800508 0.026582278481012658 0.07750952986022872