0 0.2428035043804756 0.5138089758342923 0.028160200250312892 0.05408515535097814
0 0.2428035043804756 0.5138089758342923 0.028160200250312892 0.05408515535097814
0 0.7237171464330413 0.6047180667433832 0.011889862327909888 0.023014959723820484
0 0.7237171464330413 0.6047180667433832 0.011889862327909888 0.023014959723820484
0 0.7168335419274092 0.6127733026467204 0.008135168961201502 0.020713463751438434
0 0.7168335419274092 0.6127733026467204 0.008135168961201502 0.020713463751438434
0 0.6188986232790988 0.6449942462600691 0.007509386733416771 0.02186421173762946
0 0.6188986232790988 0.6449942462600691 0.007509386733416771 0.02186421173762946
0 0.2950563204005006 0.6386651323360184 0.012515644555694618 0.02186421173762946
0 0.2950563204005006 0.6386651323360184 0.012515644555694618 0.02186421173762946
0 0.25375469336670836 0.6185270425776754 0.008760951188986232 0.02761795166858458
0 0.25375469336670836 0.6185270425776754 0.008760951188986232 0.02761795166858458
0 0.2490613266583229 0.596662830840046 0.005632040050062578 0.018411967779056387
0 0.2490613266583229 0.596662830840046 0.005632040050062578 0.018411967779056387
0 0.22590738423028786 0.5742232451093211 0.01376720901126408 0.024165707710011506