0 0.27631578947368424 0.4804832713754647 0.02894736842105263 0.06691449814126393
0 0.27631578947368424 0.4804832713754647 0.02894736842105263 0.06691449814126393
0 0.3030701754385965 0.5148698884758365 0.016666666666666666 0.03531598513011153
0 0.3030701754385965 0.5148698884758365 0.016666666666666666 0.03531598513011153
0 0.6789473684210526 0.5390334572490706 0.03333333333333333 0.07434944237918216
0 0.6789473684210526 0.5390334572490706 0.03333333333333333 0.07434944237918216
0 0.7478070175438597 0.4479553903345725 0.03070175438596491 0.04275092936802974
0 0.7478070175438597 0.4479553903345725 0.03070175438596491 0.04275092936802974
0 0.6864035087719298 0.604089219330855 0.03245614035087719 0.048327137546468404
0 0.6864035087719298 0.604089219330855 0.03245614035087719 0.048327137546468404
0 0.5969298245614035 0.6421933085501859 0.02631578947368421 0.027881040892193308
0 0.5969298245614035 0.6421933085501859 0.02631578947368421 0.027881040892193308
0 0.2837719298245614 0.5864312267657993 0.02280701754385965 0.05947955390334572