0 0.31063268892794377 0.38382899628252787 0.03602811950790861 0.11338289962825279
0 0.31063268892794377 0.38382899628252787 0.03602811950790861 0.11338289962825279
0 0.3506151142355009 0.36152416356877326 0.01845342706502636 0.027881040892193308
0 0.3506151142355009 0.36152416356877326 0.01845342706502636 0.027881040892193308
0 0.5272407732864675 0.44144981412639406 0.007029876977152899 0.024163568773234202
0 0.5272407732864675 0.44144981412639406 0.007029876977152899 0.024163568773234202
0 0.6410369068541301 0.395910780669145 0.027240773286467488 0.0762081784386617
0 0.6410369068541301 0.395910780669145 0.027240773286467488 0.0762081784386617
0 0.6731107205623902 0.39776951672862454 0.03427065026362039 0.11338289962825279
0 0.6731107205623902 0.39776951672862454 0.03427065026362039 0.11338289962825279
0 0.7069420035149385 0.48605947955390333 0.030755711775043937 0.046468401486988845
0 0.7069420035149385 0.48605947955390333 0.030755711775043937 0.046468401486988845
0 0.6717926186291739 0.5046468401486989 0.01757469244288225 0.04275092936802974
0 0.6717926186291739 0.5046468401486989 0.01757469244288225 0.04275092936802974
0 0.34885764499121263 0.5120817843866171 0.009666080843585237 0.024163568773234202
0 0.34885764499121263 0.5120817843866171 0.009666080843585237 0.024163568773234202
0 0.3084358523725835 0.49256505576208176 0.011423550087873463 0.03345724907063197
0 0.3084358523725835 0.49256505576208176 0.011423550087873463 0.03345724907063197
0 0.2961335676625659 0.49070631970260226 0.013181019332161687 0.03717472118959108
0 0.2961335676625659 0.49070631970260226 0.013181019332161687 0.03717472118959108