0 0.28473091364205255 0.5817031070195627 0.014392991239048811 0.04027617951668585
0 0.28473091364205255 0.5817031070195627 0.014392991239048811 0.04027617951668585
0 0.25312891113892366 0.5742232451093211 0.012515644555694618 0.031070195627157654
0 0.25312891113892366 0.5742232451093211 0.012515644555694618 0.031070195627157654
0 0.4565081351689612 0.5840046029919448 0.0025031289111389237 0.023014959723820484
0 0.4565081351689612 0.5840046029919448 0.0025031289111389237 0.023014959723820484
0 0.6408010012515645 0.5868814729574223 0.010012515644555695 0.020713463751438434
0 0.6408010012515645 0.5868814729574223 0.010012515644555695 0.020713463751438434
0 0.6855444305381727 0.5880322209436134 0.008135168961201502 0.03567318757192175
0 0.6855444305381727 0.5880322209436134 0.008135168961201502 0.03567318757192175
0 0.7199624530663329 0.5897583429228999 0.01939924906132666 0.00805523590333717
0 0.7199624530663329 0.5897583429228999 0.01939924906132666 0.00805523590333717
0 0.6927409261576971 0.5880322209436134 0.00688360450563204 0.023014959723820484
0 0.6927409261576971 0.5880322209436134 0.00688360450563204 0.023014959723820484
0 0.6986858573216521 0.7042577675489068 0.01376720901126408 0.0333716915995397
0 0.6986858573216521 0.7042577675489068 0.01376720901126408 0.0333716915995397
0 0.6611389236545682 0.7347525891829689 0.010012515644555695 0.024165707710011506
0 0.6611389236545682 0.7347525891829689 0.010012515644555695 0.024165707710011506
0 0.3573216520650814 0.7128883774453395 0.03879849812265332 0.07940161104718067