0 0.3448060075093867 0.5281933256616801 0.02252816020025031 0.07479861910241657
0 0.3448060075093867 0.5281933256616801 0.02252816020025031 0.07479861910241657
0 0.3901752190237797 0.5552359033371692 0.009386733416770964 0.03222094361334868
0 0.3901752190237797 0.5552359033371692 0.009386733416770964 0.03222094361334868
0 0.723404255319149 0.5598388952819332 0.040675844806007506 0.08285385500575373
0 0.723404255319149 0.5598388952819332 0.040675844806007506 0.08285385500575373
0 0.600125156445557 0.6052934407364787 0.031914893617021274 0.06329113924050633
0 0.600125156445557 0.6052934407364787 0.031914893617021274 0.06329113924050633
0 0.5775969962453066 0.6185270425776754 0.016896120150187734 0.0333716915995397
0 0.5775969962453066 0.6185270425776754 0.016896120150187734 0.0333716915995397
0 0.5381727158948686 0.6110471806674338 0.02002503128911139 0.05523590333716916
0 0.5381727158948686 0.6110471806674338 0.02002503128911139 0.05523590333716916
0 0.45118898623279097 0.5569620253164557 0.02690863579474343 0.0333716915995397