0 0.3763769889840881 0.5409937888198758 0.025091799265605876 0.07577639751552795
0 0.3763769889840881 0.5409937888198758 0.025091799265605876 0.07577639751552795
0 0.3959608323133415 0.5658385093167702 0.012239902080783354 0.03975155279503106
0 0.3959608323133415 0.5658385093167702 0.012239902080783354 0.03975155279503106
0 0.5624235006119951 0.6 0.008567931456548347 0.03850931677018633
0 0.5624235006119951 0.6 0.008567931456548347 0.03850931677018633
0 0.6083231334149327 0.55527950310559 0.02631578947368421 0.07453416149068323
0 0.6083231334149327 0.55527950310559 0.02631578947368421 0.07453416149068323
0 0.6208690330477357 0.5515527950310559 0.020195838433292534 0.06832298136645963
0 0.6208690330477357 0.5515527950310559 0.020195838433292534 0.06832298136645963
0 0.74265605875153 0.584472049689441 0.014687882496940025 0.040993788819875775
0 0.74265605875153 0.584472049689441 0.014687882496940025 0.040993788819875775
0 0.7031823745410036 0.6142857142857143 0.00795593635250918 0.02236024844720497
0 0.7031823745410036 0.6142857142857143 0.00795593635250918 0.02236024844720497
0 0.6967564259485924 0.6161490683229813 0.006731946144430845 0.01987577639751553
0 0.6967564259485924 0.6161490683229813 0.006731946144430845 0.01987577639751553
0 0.6520807833537332 0.6428571428571429 0.014687882496940025 0.02857142857142857
0 0.6520807833537332 0.6428571428571429 0.014687882496940025 0.02857142857142857
0 0.6432068543451652 0.6515527950310559 0.00795593635250918 0.01987577639751553
0 0.6432068543451652 0.6515527950310559 0.00795593635250918 0.01987577639751553
0 0.28671970624235005 0.6130434782608696 0.02447980416156671 0.03850931677018633
0 0.28671970624235005 0.6130434782608696 0.02447980416156671 0.03850931677018633