0 0.30095846645367413 0.4323116219667944 0.017891373801916934 0.04980842911877394
0 0.30095846645367413 0.4323116219667944 0.017891373801916934 0.04980842911877394
0 0.3805111821086262 0.43742017879948913 0.011501597444089457 0.0280970625798212
0 0.3805111821086262 0.43742017879948913 0.011501597444089457 0.0280970625798212
0 0.7201277955271566 0.40229885057471265 0.009584664536741214 0.05108556832694764
0 0.7201277955271566 0.40229885057471265 0.009584664536741214 0.05108556832694764
0 0.6309904153354633 0.6162196679438059 0.020447284345047924 0.06002554278416347
0 0.6309904153354633 0.6162196679438059 0.020447284345047924 0.06002554278416347
0 0.6019169329073483 0.6315453384418902 0.008306709265175719 0.04342273307790549
0 0.6019169329073483 0.6315453384418902 0.008306709265175719 0.04342273307790549
0 0.2977635782747604 0.5727969348659003 0.008945686900958467 0.01532567049808429