0 0.2055694618272841 0.3793969849246231 0.01939924906132666 0.048994974874371856
0 0.2055694618272841 0.3793969849246231 0.01939924906132666 0.048994974874371856
0 0.22090112640801002 0.41520100502512564 0.016270337922403004 0.0414572864321608
0 0.22090112640801002 0.41520100502512564 0.016270337922403004 0.0414572864321608
0 0.2418648310387985 0.4202261306532663 0.02065081351689612 0.052763819095477386
0 0.2418648310387985 0.4202261306532663 0.02065081351689612 0.052763819095477386
0 0.2734668335419274 0.4472361809045226 0.011889862327909888 0.05402010050251256
0 0.2734668335419274 0.4472361809045226 0.011889862327909888 0.05402010050251256
0 0.2934918648310388 0.47173366834170855 0.016270337922403004 0.028894472361809045
0 0.2934918648310388 0.47173366834170855 0.016270337922403004 0.028894472361809045
0 0.2083854818523154 0.5439698492462312 0.016270337922403004 0.03015075376884422
0 0.2083854818523154 0.5439698492462312 0.016270337922403004 0.03015075376884422
0 0.2978723404255319 0.6011306532663316 0.02127659574468085 0.056532663316582916
0 0.2978723404255319 0.6011306532663316 0.02127659574468085 0.056532663316582916
0 0.4718397997496871 0.4258793969849246 0.016270337922403004 0.06909547738693467
0 0.4718397997496871 0.4258793969849246 0.016270337922403004 0.06909547738693467
0 0.7618898623279099 0.4321608040201005 0.025031289111389236 0.0678391959798995
0 0.7618898623279099 0.4321608040201005 0.025031289111389236 0.0678391959798995
0 0.7941176470588235 0.41457286432160806 0.03379224030037547 0.07412060301507538
0 0.7941176470588235 0.41457286432160806 0.03379224030037547 0.07412060301507538
0 0.7841051314142679 0.5483668341708543 0.024405506883604506 0.048994974874371856
0 0.7841051314142679 0.5483668341708543 0.024405506883604506 0.048994974874371856
0 0.7240300375469336 0.5778894472361809 0.010638297872340425 0.032663316582914576
0 0.7240300375469336 0.5778894472361809 0.010638297872340425 0.032663316582914576
0 0.7137046307884856 0.5772613065326633 0.008135168961201502 0.0414572864321608
0 0.7137046307884856 0.5772613065326633 0.008135168961201502 0.0414572864321608
0 0.6586357947434293 0.5998743718592965 0.009386733416770964 0.04271356783919598