0 0.3460832313341493 0.546583850931677 0.014687882496940025 0.03602484472049689
0 0.3460832313341493 0.546583850931677 0.014687882496940025 0.03602484472049689
0 0.6386168910648715 0.5316770186335403 0.01346389228886169 0.0546583850931677
0 0.6386168910648715 0.5316770186335403 0.01346389228886169 0.0546583850931677
0 0.6695226438188494 0.5322981366459627 0.016523867809057527 0.058385093167701865
0 0.6695226438188494 0.5322981366459627 0.016523867809057527 0.058385093167701865
0 0.6808445532435741 0.531055900621118 0.009791921664626682 0.031055900621118012
0 0.6808445532435741 0.531055900621118 0.009791921664626682 0.031055900621118012
0 0.694920440636475 0.639751552795031 0.008567931456548347 0.02981366459627329
0 0.694920440636475 0.639751552795031 0.008567931456548347 0.02981366459627329
0 0.6533047735618115 0.6409937888198758 0.009791921664626682 0.02981366459627329
0 0.6533047735618115 0.6409937888198758 0.009791921664626682 0.02981366459627329
0 0.622093023255814 0.639751552795031 0.00795593635250918 0.02857142857142857
0 0.622093023255814 0.639751552795031 0.00795593635250918 0.02857142857142857
0 0.6144430844553244 0.6385093167701863 0.006119951040391677 0.024844720496894408
0 0.6144430844553244 0.6385093167701863 0.006119951040391677 0.024844720496894408
0 0.3390452876376989 0.6602484472049689 0.009179926560587515 0.02608695652173913
0 0.3390452876376989 0.6602484472049689 0.009179926560587515 0.02608695652173913
0 0.3268053855569155 0.6571428571428571 0.00795593635250918 0.02360248447204969