0 0.3382352941176471 0.6254315304948216 0.015018773466833541 0.026467203682393557
0 0.3382352941176471 0.6254315304948216 0.015018773466833541 0.026467203682393557
0 0.3507509386733417 0.6288837744533947 0.014392991239048811 0.03682393555811277
0 0.3507509386733417 0.6288837744533947 0.014392991239048811 0.03682393555811277
0 0.6354818523153942 0.64614499424626 0.011889862327909888 0.03222094361334868
0 0.6354818523153942 0.64614499424626 0.011889862327909888 0.03222094361334868
0 0.6483103879849812 0.6421173762945915 0.013141426783479349 0.02991944764096663
0 0.6483103879849812 0.6421173762945915 0.013141426783479349 0.02991944764096663
0 0.6749061326658323 0.5448791714614499 0.008135168961201502 0.018411967779056387
0 0.6749061326658323 0.5448791714614499 0.008135168961201502 0.018411967779056387
0 0.6623904881101377 0.5477560414269275 0.010012515644555695 0.026467203682393557
0 0.6623904881101377 0.5477560414269275 0.010012515644555695 0.026467203682393557
0 0.5084480600750939 0.5621403912543153 0.007509386733416771 0.02761795166858458
0 0.5084480600750939 0.5621403912543153 0.007509386733416771 0.02761795166858458
0 0.5003128911138923 0.5627157652474108 0.007509386733416771 0.031070195627157654