0 0.7175123762376238 0.5006265664160401 0.012376237623762377 0.05639097744360902
0 0.7175123762376238 0.5006265664160401 0.012376237623762377 0.05639097744360902
0 0.6875 0.5156641604010025 0.013613861386138614 0.045112781954887216
0 0.6875 0.5156641604010025 0.013613861386138614 0.045112781954887216
0 0.6760519801980198 0.5150375939849624 0.003094059405940594 0.03383458646616541
0 0.6760519801980198 0.5150375939849624 0.003094059405940594 0.03383458646616541
0 0.34777227722772275 0.5100250626566416 0.018564356435643563 0.06390977443609022
0 0.34777227722772275 0.5100250626566416 0.018564356435643563 0.06390977443609022
0 0.38675742574257427 0.5150375939849624 0.01670792079207921 0.04887218045112782
0 0.38675742574257427 0.5150375939849624 0.01670792079207921 0.04887218045112782
0 0.3978960396039604 0.5225563909774437 0.027227722772277228 0.07393483709273183
0 0.3978960396039604 0.5225563909774437 0.027227722772277228 0.07393483709273183
0 0.2716584158415842 0.5175438596491229 0.014232673267326733 0.015037593984962405
0 0.2716584158415842 0.5175438596491229 0.014232673267326733 0.015037593984962405
0 0.31745049504950495 0.5225563909774437 0.013613861386138614 0.012531328320802004
0 0.31745049504950495 0.5225563909774437 0.013613861386138614 0.012531328320802004
0 0.286509900990099 0.6578947368421053 0.04146039603960396 0.047619047619047616
0 0.286509900990099 0.6578947368421053 0.04146039603960396 0.047619047619047616
0 0.3533415841584158 0.6522556390977443 0.007425742574257425 0.045112781954887216
0 0.3533415841584158 0.6522556390977443 0.007425742574257425 0.045112781954887216
0 0.6308787128712872 0.6572681704260651 0.013613861386138614 0.03383458646616541
0 0.6308787128712872 0.6572681704260651 0.013613861386138614 0.03383458646616541
0 0.5996287128712872 0.6660401002506265 0.008044554455445545 0.02506265664160401
0 0.5996287128712872 0.6660401002506265 0.008044554455445545 0.02506265664160401
0 0.6875 0.6535087719298246 0.011757425742574257 0.05263157894736842
0 0.6875 0.6535087719298246 0.011757425742574257 0.05263157894736842
0 0.6995668316831684 0.6610275689223057 0.008663366336633664 0.040100250626566414
0 0.6995668316831684 0.6610275689223057 0.008663366336633664 0.040100250626566414
0 0.7379331683168316 0.6290726817042607 0.007425742574257425 0.02506265664160401
0 0.7379331683168316 0.6290726817042607 0.007425742574257425 0.02506265664160401
0 0.7490717821782178 0.6353383458646616 0.01547029702970297 0.045112781954887216