0 0.5344180225281602 0.5914844649021864 0.007509386733416771 0.04257767548906789
0 0.5344180225281602 0.5914844649021864 0.007509386733416771 0.04257767548906789
0 0.5181476846057572 0.5960874568469505 0.0037546933667083854 0.031070195627157654
0 0.5181476846057572 0.5960874568469505 0.0037546933667083854 0.031070195627157654
0 0.6292240300375469 0.5604142692750288 0.015644555694618274 0.04142692750287687
0 0.6292240300375469 0.5604142692750288 0.015644555694618274 0.04142692750287687
0 0.6689612015018773 0.546029919447641 0.030663329161451813 0.07019562715765247
0 0.6689612015018773 0.546029919447641 0.030663329161451813 0.07019562715765247
0 0.6836670838548186 0.5293440736478712 0.00688360450563204 0.02531645569620253
0 0.6836670838548186 0.5293440736478712 0.00688360450563204 0.02531645569620253
0 0.678035043804756 0.6317606444188723 0.005632040050062578 0.019562715765247412
0 0.678035043804756 0.6317606444188723 0.005632040050062578 0.019562715765247412
0 0.6251564455569462 0.6478711162255466 0.015018773466833541 0.019562715765247412
0 0.6251564455569462 0.6478711162255466 0.015018773466833541 0.019562715765247412