0 0.2093241551939925 0.5149597238204833 0.008760951188986232 0.02531645569620253
0 0.2093241551939925 0.5149597238204833 0.008760951188986232 0.02531645569620253
0 0.2165206508135169 0.5195627157652474 0.014392991239048811 0.023014959723820484
0 0.2165206508135169 0.5195627157652474 0.014392991239048811 0.023014959723820484
0 0.2625156445556946 0.5500575373993095 0.010012515644555695 0.026467203682393557
0 0.2625156445556946 0.5500575373993095 0.010012515644555695 0.026467203682393557
0 0.7506257822277848 0.6156501726121979 0.038172715894868585 0.0713463751438435
0 0.7506257822277848 0.6156501726121979 0.038172715894868585 0.0713463751438435
0 0.7265331664580726 0.6352128883774454 0.008135168961201502 0.024165707710011506
0 0.7265331664580726 0.6352128883774454 0.008135168961201502 0.024165707710011506
0 0.6777221526908636 0.6547756041426928 0.010012515644555695 0.026467203682393557
0 0.6777221526908636 0.6547756041426928 0.010012515644555695 0.026467203682393557
0 0.6711514392991239 0.6634062140391255 0.008760951188986232 0.020713463751438434
0 0.6711514392991239 0.6634062140391255 0.008760951188986232 0.020713463751438434
0 0.6260951188986232 0.6795166858457997 0.011889862327909888 0.03222094361334868
0 0.6260951188986232 0.6795166858457997 0.011889862327909888 0.03222094361334868
0 0.357008760951189 0.6892980437284235 0.008760951188986232 0.02761795166858458
0 0.357008760951189 0.6892980437284235 0.008760951188986232 0.02761795166858458
0 0.3504380475594493 0.689873417721519 0.008760951188986232 0.02531645569620253
0 0.3504380475594493 0.689873417721519 0.008760951188986232 0.02531645569620253
0 0.21245306633291614 0.6208285385500575 0.007509386733416771 0.023014959723820484
0 0.21245306633291614 0.6208285385500575 0.007509386733416771 0.023014959723820484
0 0.2065081351689612 0.61795166858458 0.007509386733416771 0.020713463751438434
0 0.2065081351689612 0.61795166858458 0.007509386733416771 0.020713463751438434
0 0.18085106382978725 0.6110471806674338 0.02065081351689612 0.02186421173762946