0 0.24249061326658322 0.5195627157652474 0.02190237797246558 0.06789413118527042
0 0.24249061326658322 0.5195627157652474 0.02190237797246558 0.06789413118527042
0 0.2565707133917397 0.5155350978135789 0.009386733416770964 0.02531645569620253
0 0.2565707133917397 0.5155350978135789 0.009386733416770964 0.02531645569620253
0 0.4236545682102628 0.5851553509781358 0.004380475594493116 0.03682393555811277
0 0.4236545682102628 0.5851553509781358 0.004380475594493116 0.03682393555811277
0 0.636107634543179 0.5356731875719217 0.008135168961201502 0.02991944764096663
0 0.636107634543179 0.5356731875719217 0.008135168961201502 0.02991944764096663
0 0.682415519399249 0.4902186421173763 0.018147684605757195 0.04257767548906789
0 0.682415519399249 0.4902186421173763 0.018147684605757195 0.04257767548906789
0 0.6429912390488111 0.5080552359033371 0.0050062578222778474 0.04027617951668585
0 0.6429912390488111 0.5080552359033371 0.0050062578222778474 0.04027617951668585
0 0.5475594493116396 0.7071346375143843 0.006257822277847309 0.05638665132336018
0 0.5475594493116396 0.7071346375143843 0.006257822277847309 0.05638665132336018
0 0.33479349186483104 0.6651323360184119 0.02753441802252816 0.0667433831990794
0 0.33479349186483104 0.6651323360184119 0.02753441802252816 0.0667433831990794
0 0.30319148936170215 0.6611047180667434 0.01376720901126408 0.03567318757192175
0 0.30319148936170215 0.6611047180667434 0.01376720901126408 0.03567318757192175
0 0.37265331664580725 0.5604142692750288 0.012515644555694618 0.0379746835443038