0 0.4121787025703794 0.5745341614906833 0.022031823745410038 0.06583850931677018
0 0.4121787025703794 0.5745341614906833 0.022031823745410038 0.06583850931677018
0 0.4238066095471236 0.6708074534161491 0.0208078335373317 0.06335403726708075
0 0.4238066095471236 0.6708074534161491 0.0208078335373317 0.06335403726708075
0 0.49265605875153 0.5906832298136646 0.011015911872705019 0.04720496894409938
0 0.49265605875153 0.5906832298136646 0.011015911872705019 0.04720496894409938
0 0.6217870257037944 0.546583850931677 0.017135862913096694 0.06086956521739131
0 0.6217870257037944 0.546583850931677 0.017135862913096694 0.06086956521739131
0 0.7047123623011016 0.5316770186335403 0.014687882496940025 0.05341614906832298
0 0.7047123623011016 0.5316770186335403 0.014687882496940025 0.05341614906832298
0 0.7249082007343941 0.5180124223602485 0.01835985312117503 0.034782608695652174
0 0.7249082007343941 0.5180124223602485 0.01835985312117503 0.034782608695652174
0 0.42166462668298654 0.668944099378882 0.019583843329253364 0.06335403726708075
0 0.42166462668298654 0.668944099378882 0.019583843329253364 0.06335403726708075