0 0.363892365456821 0.569620253164557 0.011889862327909888 0.028768699654775604
0 0.363892365456821 0.569620253164557 0.011889862327909888 0.028768699654775604
0 0.3832916145181477 0.5506329113924051 0.015018773466833541 0.039125431530494824
0 0.3832916145181477 0.5506329113924051 0.015018773466833541 0.039125431530494824
0 0.386107634543179 0.642692750287687 0.010012515644555695 0.019562715765247412
0 0.386107634543179 0.642692750287687 0.010012515644555695 0.019562715765247412
0 0.6154568210262829 0.546029919447641 0.015644555694618274 0.04257767548906789
0 0.6154568210262829 0.546029919447641 0.015644555694618274 0.04257767548906789
0 0.6445556946182729 0.5385500575373993 0.03504380475594493 0.07249712313003452
0 0.6445556946182729 0.5385500575373993 0.03504380475594493 0.07249712313003452
0 0.7327909887359199 0.5886075949367089 0.025657071339173967 0.0379746835443038
0 0.7327909887359199 0.5886075949367089 0.025657071339173967 0.0379746835443038