0 0.35893512851897186 0.4614906832298137 0.009179926560587515 0.02360248447204969
0 0.35893512851897186 0.4614906832298137 0.009179926560587515 0.02360248447204969
0 0.40208078335373315 0.4645962732919255 0.0208078335373317 0.06086956521739131
0 0.40208078335373315 0.4645962732919255 0.0208078335373317 0.06086956521739131
0 0.6398408812729498 0.47018633540372673 0.015299877600979192 0.037267080745341616
0 0.6398408812729498 0.47018633540372673 0.015299877600979192 0.037267080745341616
0 0.684516523867809 0.462111801242236 0.01040391676866585 0.03229813664596273
0 0.684516523867809 0.462111801242236 0.01040391676866585 0.03229813664596273
0 0.7071603427172583 0.5577639751552795 0.006119951040391677 0.02236024844720497
0 0.7071603427172583 0.5577639751552795 0.006119951040391677 0.02236024844720497
0 0.341187270501836 0.5509316770186335 0.015299877600979192 0.0484472049689441
0 0.341187270501836 0.5509316770186335 0.015299877600979192 0.0484472049689441
0 0.37239902080783355 0.5559006211180124 0.0073439412484700125 0.03354037267080745