0 0.1295369211514393 0.4994246260069045 0.01939924906132666 0.05178365937859609
0 0.1295369211514393 0.4994246260069045 0.01939924906132666 0.05178365937859609
0 0.23310387984981226 0.5304948216340621 0.01877346683354193 0.06098964326812428
0 0.23310387984981226 0.5304948216340621 0.01877346683354193 0.06098964326812428
0 0.30819774718397996 0.5627157652474108 0.011264080100125156 0.0379746835443038
0 0.30819774718397996 0.5627157652474108 0.011264080100125156 0.0379746835443038
0 0.3288485607008761 0.5609896432681243 0.005632040050062578 0.02761795166858458
0 0.3288485607008761 0.5609896432681243 0.005632040050062578 0.02761795166858458
0 0.3379224030037547 0.5609896432681243 0.00688360450563204 0.02531645569620253
0 0.3379224030037547 0.5609896432681243 0.00688360450563204 0.02531645569620253
0 0.3685857321652065 0.5627157652474108 0.007509386733416771 0.04142692750287687
0 0.3685857321652065 0.5627157652474108 0.007509386733416771 0.04142692750287687
0 0.37797246558197745 0.5661680092059839 0.008135168961201502 0.03682393555811277
0 0.37797246558197745 0.5661680092059839 0.008135168961201502 0.03682393555811277
0 0.4148936170212766 0.5540851553509781 0.006257822277847309 0.026467203682393557
0 0.4148936170212766 0.5540851553509781 0.006257822277847309 0.026467203682393557
0 0.42083854818523153 0.5535097813578826 0.00688360450563204 0.03222094361334868
0 0.42083854818523153 0.5535097813578826 0.00688360450563204 0.03222094361334868
0 0.6170212765957447 0.4844649021864212 0.04881101376720901 0.06904487917146145
0 0.6170212765957447 0.4844649021864212 0.04881101376720901 0.06904487917146145
0 0.6345431789737171 0.5840046029919448 0.03254067584480601 0.07479861910241657
0 0.6345431789737171 0.5840046029919448 0.03254067584480601 0.07479861910241657
0 0.5494367959949937 0.5782508630609896 0.023779724655819776 0.02991944764096663
0 0.5494367959949937 0.5782508630609896 0.023779724655819776 0.02991944764096663
0 0.4928035043804756 0.61795166858458 0.018147684605757195 0.03222094361334868
0 0.4928035043804756 0.61795166858458 0.018147684605757195 0.03222094361334868
0 0.47496871088861076 0.6254315304948216 0.010012515644555695 0.03682393555811277
0 0.47496871088861076 0.6254315304948216 0.010012515644555695 0.03682393555811277
0 0.1304755944931164 0.6035673187571922 0.010012515644555695 0.02186421173762946
0 0.1304755944931164 0.6035673187571922 0.010012515644555695 0.02186421173762946
0 0.10638297872340426 0.5604142692750288 0.060075093867334166 0.08285385500575373