0 0.679419525065963 0.4144981412639405 0.008795074758135445 0.027881040892193308
0 0.679419525065963 0.4144981412639405 0.008795074758135445 0.027881040892193308
0 0.7106420404573439 0.39684014869888473 0.010554089709762533 0.03717472118959108
0 0.7106420404573439 0.39684014869888473 0.010554089709762533 0.03717472118959108
0 0.7203166226912929 0.38661710037174724 0.020228671943711522 0.046468401486988845
0 0.7203166226912929 0.38661710037174724 0.020228671943711522 0.046468401486988845
0 0.7172383465259454 0.5018587360594795 0.021108179419525065 0.03903345724907063
0 0.7172383465259454 0.5018587360594795 0.021108179419525065 0.03903345724907063
0 0.6059806508355321 0.5622676579925651 0.02198768689533861 0.04275092936802974
0 0.6059806508355321 0.5622676579925651 0.02198768689533861 0.04275092936802974
0 0.2854001759014952 0.5102230483271375 0.014951627088830254 0.03531598513011153
0 0.2854001759014952 0.5102230483271375 0.014951627088830254 0.03531598513011153
0 0.27440633245382584 0.5 0.014072119613016711 0.02973977695167286