0 0.34574468085106386 0.5661680092059839 0.016270337922403004 0.04372842347525892
0 0.34574468085106386 0.5661680092059839 0.016270337922403004 0.04372842347525892
0 0.37484355444305384 0.5857307249712314 0.010638297872340425 0.024165707710011506
0 0.37484355444305384 0.5857307249712314 0.010638297872340425 0.024165707710011506
0 0.6439299123904881 0.5678941311852704 0.011889862327909888 0.03682393555811277
0 0.6439299123904881 0.5678941311852704 0.011889862327909888 0.03682393555811277
0 0.6774092615769712 0.6294591484464902 0.008135168961201502 0.026467203682393557
0 0.6774092615769712 0.6294591484464902 0.008135168961201502 0.026467203682393557
0 0.6705256570713392 0.6306098964326813 0.0050062578222778474 0.02761795166858458
0 0.6705256570713392 0.6306098964326813 0.0050062578222778474 0.02761795166858458
0 0.34824780976220276 0.6513233601841196 0.011264080100125156 0.024165707710011506
0 0.34824780976220276 0.6513233601841196 0.011264080100125156 0.024165707710011506
0 0.3351063829787234 0.6484464902186421 0.01939924906132666 0.02991944764096663
0 0.3351063829787234 0.6484464902186421 0.01939924906132666 0.02991944764096663