0 0.2074468085106383 0.6150747986191024 0.03879849812265332 0.05868814729574223
0 0.2074468085106383 0.6150747986191024 0.03879849812265332 0.05868814729574223
0 0.2299749687108886 0.64614499424626 0.016896120150187734 0.031070195627157654
0 0.2299749687108886 0.64614499424626 0.016896120150187734 0.031070195627157654
0 0.33448060075093866 0.593210586881473 0.008760951188986232 0.028768699654775604
0 0.33448060075093866 0.593210586881473 0.008760951188986232 0.028768699654775604
0 0.5963704630788486 0.6691599539700805 0.011889862327909888 0.05753739930955121
0 0.5963704630788486 0.6691599539700805 0.011889862327909888 0.05753739930955121
0 0.6085732165206508 0.6628308400460299 0.008760951188986232 0.02991944764096663
0 0.6085732165206508 0.6628308400460299 0.008760951188986232 0.02991944764096663
0 0.6029411764705882 0.5920598388952819 0.009386733416770964 0.03682393555811277
0 0.6029411764705882 0.5920598388952819 0.009386733416770964 0.03682393555811277
0 0.6614518147684606 0.6593785960874569 0.038172715894868585 0.07019562715765247
0 0.6614518147684606 0.6593785960874569 0.038172715894868585 0.07019562715765247
0 0.7421777221526908 0.5218642117376294 0.011889862327909888 0.0333716915995397
0 0.7421777221526908 0.5218642117376294 0.011889862327909888 0.0333716915995397
0 0.5901126408010012 0.5880322209436134 0.010638297872340425 0.031070195627157654