0 0.2418648310387985 0.47871116225546606 0.039424280350438046 0.07249712313003452
0 0.2418648310387985 0.47871116225546606 0.039424280350438046 0.07249712313003452
0 0.2872340425531915 0.49712313003452246 0.036921151439299124 0.04487917146144994
0 0.2872340425531915 0.49712313003452246 0.036921151439299124 0.04487917146144994
0 0.327909887359199 0.46375143843498273 0.028785982478097622 0.04602991944764097
0 0.327909887359199 0.46375143843498273 0.028785982478097622 0.04602991944764097
0 0.4195869837296621 0.5362485615650172 0.030037546933667083 0.05983889528193326
0 0.4195869837296621 0.5362485615650172 0.030037546933667083 0.05983889528193326
0 0.4571339173967459 0.5420023014959724 0.01939924906132666 0.05753739930955121
0 0.4571339173967459 0.5420023014959724 0.01939924906132666 0.05753739930955121
0 0.5729036295369212 0.4844649021864212 0.010012515644555695 0.04487917146144994
0 0.5729036295369212 0.4844649021864212 0.010012515644555695 0.04487917146144994
0 0.6032540675844806 0.523590333716916 0.015018773466833541 0.05523590333716916
0 0.6032540675844806 0.523590333716916 0.015018773466833541 0.05523590333716916
0 0.6254693366708386 0.5350978135788262 0.011889862327909888 0.05753739930955121
0 0.6254693366708386 0.5350978135788262 0.011889862327909888 0.05753739930955121
0 0.6154568210262829 0.6611047180667434 0.01877346683354193 0.0379746835443038
0 0.6154568210262829 0.6611047180667434 0.01877346683354193 0.0379746835443038
0 0.5976220275344181 0.619102416570771 0.007509386733416771 0.018411967779056387
0 0.5976220275344181 0.619102416570771 0.007509386733416771 0.018411967779056387
0 0.5735294117647058 0.6231300345224395 0.007509386733416771 0.019562715765247412
0 0.5735294117647058 0.6231300345224395 0.007509386733416771 0.019562715765247412
0 0.373279098873592 0.6104718066743383 0.00688360450563204 0.019562715765247412
0 0.373279098873592 0.6104718066743383 0.00688360450563204 0.019562715765247412
0 0.3632665832290363 0.6156501726121979 0.006257822277847309 0.019562715765247412
0 0.3632665832290363 0.6156501726121979 0.006257822277847309 0.019562715765247412