0 0.46848225214198286 0.446583850931677 0.030599755201958383 0.02608695652173913
0 0.46848225214198286 0.446583850931677 0.030599755201958383 0.02608695652173913
0 0.5673194614443084 0.4937888198757764 0.01591187270501836 0.06335403726708075
0 0.5673194614443084 0.4937888198757764 0.01591187270501836 0.06335403726708075
0 0.7151162790697675 0.4956521739130435 0.033047735618115054 0.05217391304347826
0 0.7151162790697675 0.4956521739130435 0.033047735618115054 0.05217391304347826
0 0.715422276621787 0.6627329192546584 0.03427172582619339 0.0422360248447205
0 0.715422276621787 0.6627329192546584 0.03427172582619339 0.0422360248447205
0 0.3932068543451652 0.6 0.017747858017135864 0.05714285714285714
0 0.3932068543451652 0.6 0.017747858017135864 0.05714285714285714
0 0.3460832313341493 0.6229813664596273 0.021419828641370868 0.024844720496894408
0 0.3460832313341493 0.6229813664596273 0.021419828641370868 0.024844720496894408