0 0.2490613266583229 0.4919447640966628 0.009386733416770964 0.02531645569620253
0 0.2490613266583229 0.4919447640966628 0.009386733416770964 0.02531645569620253
0 0.7055694618272841 0.5115074798619103 0.017521902377972465 0.03682393555811277
0 0.7055694618272841 0.5115074798619103 0.017521902377972465 0.03682393555811277
0 0.7158948685857321 0.49769850402761795 0.023779724655819776 0.04833141542002301
0 0.7158948685857321 0.49769850402761795 0.023779724655819776 0.04833141542002301
0 0.7171464330413017 0.6058688147295742 0.011264080100125156 0.019562715765247412
0 0.7171464330413017 0.6058688147295742 0.011264080100125156 0.019562715765247412
0 0.7102628285356696 0.6144994246260069 0.009386733416770964 0.023014959723820484
0 0.7102628285356696 0.6144994246260069 0.009386733416770964 0.023014959723820484
0 0.5847934918648311 0.6927502876869965 0.018147684605757195 0.047180667433831994
0 0.5847934918648311 0.6927502876869965 0.018147684605757195 0.047180667433831994
0 0.2265331664580726 0.5592635212888377 0.03629536921151439 0.06789413118527042