0 0.6530037546933667 0.5466052934407365 0.010012515644555695 0.019562715765247412
0 0.6530037546933667 0.5466052934407365 0.010012515644555695 0.019562715765247412
0 0.7099499374217773 0.5391254315304949 0.011264080100125156 0.0333716915995397
0 0.7099499374217773 0.5391254315304949 0.011264080100125156 0.0333716915995397
0 0.718397997496871 0.5368239355581128 0.008135168961201502 0.024165707710011506
0 0.718397997496871 0.5368239355581128 0.008135168961201502 0.024165707710011506
0 0.6220275344180225 0.6599539700805523 0.00688360450563204 0.020713463751438434
0 0.6220275344180225 0.6599539700805523 0.00688360450563204 0.020713463751438434
0 0.6179599499374218 0.666283084004603 0.008135168961201502 0.02186421173762946
0 0.6179599499374218 0.666283084004603 0.008135168961201502 0.02186421173762946
0 0.5919899874843555 0.6749136939010357 0.006257822277847309 0.018411967779056387
0 0.5919899874843555 0.6749136939010357 0.006257822277847309 0.018411967779056387
0 0.5691489361702128 0.7019562715765247 0.009386733416770964 0.02186421173762946
0 0.5691489361702128 0.7019562715765247 0.009386733416770964 0.02186421173762946
0 0.3135168961201502 0.6300345224395857 0.056320400500625784 0.05868814729574223
0 0.3135168961201502 0.6300345224395857 0.056320400500625784 0.05868814729574223