0 0.25563204005006257 0.4378596087456847 0.015644555694618274 0.04948216340621404
0 0.25563204005006257 0.4378596087456847 0.015644555694618274 0.04948216340621404
0 0.22152690863579474 0.4372842347525892 0.012515644555694618 0.026467203682393557
0 0.22152690863579474 0.4372842347525892 0.012515644555694618 0.026467203682393557
0 0.7512515644555695 0.546029919447641 0.03629536921151439 0.06214039125431531
0 0.7512515644555695 0.546029919447641 0.03629536921151439 0.06214039125431531
0 0.30131414267834794 0.5920598388952819 0.01877346683354193 0.023014959723820484
0 0.30131414267834794 0.5920598388952819 0.01877346683354193 0.023014959723820484
0 0.2853566958698373 0.5863060989643268 0.016270337922403004 0.04487917146144994
0 0.2853566958698373 0.5863060989643268 0.016270337922403004 0.04487917146144994
0 0.2393617021276596 0.5857307249712314 0.0344180225281602 0.07364787111622555
0 0.2393617021276596 0.5857307249712314 0.0344180225281602 0.07364787111622555