0 0.12077596996245307 0.498849252013809 0.02065081351689612 0.05638665132336018
0 0.12077596996245307 0.498849252013809 0.02065081351689612 0.05638665132336018
0 0.13078848560700876 0.5028768699654775 0.009386733416770964 0.02761795166858458
0 0.13078848560700876 0.5028768699654775 0.009386733416770964 0.02761795166858458
0 0.4499374217772215 0.5552359033371692 0.008135168961201502 0.03452243958573072
0 0.4499374217772215 0.5552359033371692 0.008135168961201502 0.03452243958573072
0 0.4671464330413016 0.6306098964326813 0.005632040050062578 0.028768699654775604
0 0.4671464330413016 0.6306098964326813 0.005632040050062578 0.028768699654775604
0 0.4590112640801001 0.6277330264672036 0.008760951188986232 0.03222094361334868
0 0.4590112640801001 0.6277330264672036 0.008760951188986232 0.03222094361334868
0 0.27690863579474345 0.6380897583429229 0.029411764705882353 0.06098964326812428
0 0.27690863579474345 0.6380897583429229 0.029411764705882353 0.06098964326812428
0 0.18898623279098872 0.6369390103567318 0.05068836045056321 0.06444188722669736
0 0.18898623279098872 0.6369390103567318 0.05068836045056321 0.06444188722669736