0 0.25458996328029376 0.484472049689441 0.029987760097919217 0.04596273291925466
0 0.25458996328029376 0.484472049689441 0.029987760097919217 0.04596273291925466
0 0.2747858017135863 0.49875776397515525 0.01346389228886169 0.031055900621118012
0 0.2747858017135863 0.49875776397515525 0.01346389228886169 0.031055900621118012
0 0.6009791921664627 0.5670807453416149 0.012239902080783354 0.04472049689440994
0 0.6009791921664627 0.5670807453416149 0.012239902080783354 0.04472049689440994
0 0.6450428396572827 0.5732919254658385 0.014075887392900856 0.03229813664596273
0 0.6450428396572827 0.5732919254658385 0.014075887392900856 0.03229813664596273
0 0.6214810281517748 0.6807453416149069 0.012239902080783354 0.03975155279503106
0 0.6214810281517748 0.6807453416149069 0.012239902080783354 0.03975155279503106
0 0.33996328029375766 0.6751552795031056 0.02386780905752754 0.06583850931677018
0 0.33996328029375766 0.6751552795031056 0.02386780905752754 0.06583850931677018