0 0.23310387984981226 0.42289988492520136 0.02127659574468085 0.06329113924050633
0 0.23310387984981226 0.42289988492520136 0.02127659574468085 0.06329113924050633
0 0.2571964956195244 0.43383199079401613 0.02252816020025031 0.05178365937859609
0 0.2571964956195244 0.43383199079401613 0.02252816020025031 0.05178365937859609
0 0.2719023779724656 0.43210586881472957 0.02127659574468085 0.07019562715765247
0 0.2719023779724656 0.43210586881472957 0.02127659574468085 0.07019562715765247
0 0.30819774718397996 0.4706559263521289 0.010012515644555695 0.02531645569620253
0 0.30819774718397996 0.4706559263521289 0.010012515644555695 0.02531645569620253
0 0.2978723404255319 0.46950517836593786 0.007509386733416771 0.018411967779056387
0 0.2978723404255319 0.46950517836593786 0.007509386733416771 0.018411967779056387
0 0.3832916145181477 0.501150747986191 0.010638297872340425 0.0333716915995397
0 0.3832916145181477 0.501150747986191 0.010638297872340425 0.0333716915995397
0 0.6555068836045056 0.46835443037974683 0.02252816020025031 0.05293440736478711
0 0.6555068836045056 0.46835443037974683 0.02252816020025031 0.05293440736478711
0 0.704630788485607 0.43843498273878023 0.016896120150187734 0.03567318757192175
0 0.704630788485607 0.43843498273878023 0.016896120150187734 0.03567318757192175
0 0.7030663329161452 0.5293440736478712 0.04130162703379224 0.03452243958573072
0 0.7030663329161452 0.5293440736478712 0.04130162703379224 0.03452243958573072
0 0.678035043804756 0.5408515535097813 0.008760951188986232 0.023014959723820484
0 0.678035043804756 0.5408515535097813 0.008760951188986232 0.023014959723820484
0 0.6336045056320401 0.5615650172612198 0.010638297872340425 0.024165707710011506
0 0.6336045056320401 0.5615650172612198 0.010638297872340425 0.024165707710011506
0 0.581351689612015 0.5840046029919448 0.016896120150187734 0.024165707710011506
0 0.581351689612015 0.5840046029919448 0.016896120150187734 0.024165707710011506
0 0.6251564455569462 0.5690448791714614 0.008760951188986232 0.02531645569620253
0 0.6251564455569462 0.5690448791714614 0.008760951188986232 0.02531645569620253
0 0.37265331664580725 0.5834292289988493 0.016896120150187734 0.047180667433831994
0 0.37265331664580725 0.5834292289988493 0.016896120150187734 0.047180667433831994
0 0.2809762202753442 0.543728423475259 0.014392991239048811 0.018411967779056387
0 0.2809762202753442 0.543728423475259 0.014392991239048811 0.018411967779056387
0 0.27252816020025034 0.5373993095512083 0.011264080100125156 0.024165707710011506
0 0.27252816020025034 0.5373993095512083 0.011264080100125156 0.024165707710011506
0 0.24593241551939926 0.5149597238204833 0.010638297872340425 0.020713463751438434