0 0.33659730722154224 0.5459627329192547 0.025703794369645042 0.049689440993788817
0 0.33659730722154224 0.5459627329192547 0.025703794369645042 0.049689440993788817
0 0.454406364749082 0.5875776397515527 0.0208078335373317 0.03602484472049689
0 0.454406364749082 0.5875776397515527 0.0208078335373317 0.03602484472049689
0 0.49265605875153 0.6031055900621118 0.016523867809057527 0.03975155279503106
0 0.49265605875153 0.6031055900621118 0.016523867809057527 0.03975155279503106
0 0.5437576499388005 0.598136645962733 0.009791921664626682 0.03850931677018633
0 0.5437576499388005 0.598136645962733 0.009791921664626682 0.03850931677018633
0 0.5165238678090576 0.6093167701863355 0.023255813953488372 0.04596273291925466
0 0.5165238678090576 0.6093167701863355 0.023255813953488372 0.04596273291925466
0 0.6181150550795593 0.5645962732919255 0.01835985312117503 0.03975155279503106
0 0.6181150550795593 0.5645962732919255 0.01835985312117503 0.03975155279503106
0 0.6493268053855569 0.5391304347826087 0.0073439412484700125 0.016149068322981366
0 0.6493268053855569 0.5391304347826087 0.0073439412484700125 0.016149068322981366
0 0.700734394124847 0.5099378881987577 0.008567931456548347 0.02236024844720497
0 0.700734394124847 0.5099378881987577 0.008567931456548347 0.02236024844720497
0 0.6630966952264382 0.6478260869565218 0.04528763769889841 0.07950310559006211
0 0.6630966952264382 0.6478260869565218 0.04528763769889841 0.07950310559006211
0 0.6321909424724602 0.6565217391304348 0.012851897184822521 0.034782608695652174
0 0.6321909424724602 0.6565217391304348 0.012851897184822521 0.034782608695652174
0 0.6107711138310894 0.6496894409937888 0.011015911872705019 0.02608695652173913
0 0.6107711138310894 0.6496894409937888 0.011015911872705019 0.02608695652173913
0 0.6031211750305998 0.6577639751552795 0.006731946144430845 0.016149068322981366
0 0.6031211750305998 0.6577639751552795 0.006731946144430845 0.016149068322981366
0 0.36658506731946144 0.6590062111801243 0.0055079559363525096 0.014906832298136646
0 0.36658506731946144 0.6590062111801243 0.0055079559363525096 0.014906832298136646
0 0.35128518971848227 0.6720496894409937 0.0208078335373317 0.04472049689440994
0 0.35128518971848227 0.6720496894409937 0.0208078335373317 0.04472049689440994
0 0.3258873929008568 0.6559006211180124 0.025703794369645042 0.04472049689440994
0 0.3258873929008568 0.6559006211180124 0.025703794369645042 0.04472049689440994