0 0.21057571964956195 0.4965477560414269 0.02127659574468085 0.04257767548906789
0 0.21057571964956195 0.4965477560414269 0.02127659574468085 0.04257767548906789
0 0.2274718397997497 0.5109321058688148 0.015018773466833541 0.02531645569620253
0 0.2274718397997497 0.5109321058688148 0.015018773466833541 0.02531645569620253
0 0.25312891113892366 0.5420023014959724 0.04005006257822278 0.07364787111622555
0 0.25312891113892366 0.5420023014959724 0.04005006257822278 0.07364787111622555
0 0.29224030037546933 0.5569620253164557 0.010012515644555695 0.039125431530494824
0 0.29224030037546933 0.5569620253164557 0.010012515644555695 0.039125431530494824
0 0.3848560700876095 0.594361334867664 0.015644555694618274 0.06098964326812428
0 0.3848560700876095 0.594361334867664 0.015644555694618274 0.06098964326812428
0 0.639549436795995 0.45857307249712315 0.007509386733416771 0.02531645569620253
0 0.639549436795995 0.45857307249712315 0.007509386733416771 0.02531645569620253