0 0.5039779681762546 0.5906832298136646 0.03182374541003672 0.0546583850931677
0 0.5039779681762546 0.5906832298136646 0.03182374541003672 0.0546583850931677
0 0.4804161566707466 0.6279503105590062 0.03916768665850673 0.058385093167701865
0 0.4804161566707466 0.6279503105590062 0.03916768665850673 0.058385093167701865
0 0.508873929008568 0.6614906832298136 0.019583843329253364 0.0484472049689441
0 0.508873929008568 0.6614906832298136 0.019583843329253364 0.0484472049689441
0 0.5302937576499388 0.6701863354037267 0.01040391676866585 0.031055900621118012
0 0.5302937576499388 0.6701863354037267 0.01040391676866585 0.031055900621118012
0 0.7313341493268054 0.6745341614906832 0.023255813953488372 0.0422360248447205
0 0.7313341493268054 0.6745341614906832 0.023255813953488372 0.0422360248447205
0 0.704406364749082 0.6695652173913044 0.014687882496940025 0.037267080745341616
0 0.704406364749082 0.6695652173913044 0.014687882496940025 0.037267080745341616
0 0.76468788249694 0.6546583850931676 0.04957160342717258 0.03975155279503106
0 0.76468788249694 0.6546583850931676 0.04957160342717258 0.03975155279503106
0 0.7732558139534884 0.5645962732919255 0.04100367197062423 0.06086956521739131