0 0.284 0.5725907384230288 0.0435 0.039424280350438046
0 0.284 0.5725907384230288 0.0435 0.039424280350438046
0 0.30475 0.574468085106383 0.0125 0.017521902377972465
0 0.30475 0.574468085106383 0.0125 0.017521902377972465
0 0.349 0.5985607008760951 0.0285 0.03629536921151439
0 0.349 0.5985607008760951 0.0285 0.03629536921151439
0 0.38225 0.6073216520650814 0.0085 0.017521902377972465
0 0.38225 0.6073216520650814 0.0085 0.017521902377972465
0 0.403 0.6098247809762203 0.005 0.01376720901126408
0 0.403 0.6098247809762203 0.005 0.01376720901126408
0 0.27675 0.6066958698372966 0.0405 0.04005006257822278
0 0.27675 0.6066958698372966 0.0405 0.04005006257822278
0 0.321 0.6336045056320401 0.048 0.039424280350438046
0 0.321 0.6336045056320401 0.048 0.039424280350438046
0 0.3425 0.6476846057571964 0.0095 0.023779724655819776
0 0.3425 0.6476846057571964 0.0095 0.023779724655819776
0 0.38225 0.6636420525657072 0.01 0.01939924906132666
0 0.38225 0.6636420525657072 0.01 0.01939924906132666
0 0.391 0.6617647058823529 0.01 0.01939924906132666
0 0.391 0.6617647058823529 0.01 0.01939924906132666
0 0.48075 0.6223404255319149 0.008 0.01939924906132666
0 0.48075 0.6223404255319149 0.008 0.01939924906132666
0 0.4855 0.6220275344180225 0.008 0.015644555694618274
0 0.4855 0.6220275344180225 0.008 0.015644555694618274
0 0.511 0.626720901126408 0.006 0.01939924906132666
0 0.511 0.626720901126408 0.006 0.01939924906132666
0 0.51875 0.6254693366708386 0.007 0.018147684605757195
0 0.51875 0.6254693366708386 0.007 0.018147684605757195
0 0.544 0.6188986232790988 0.005 0.017521902377972465
0 0.544 0.6188986232790988 0.005 0.017521902377972465
0 0.55025 0.6188986232790988 0.008 0.02002503128911139
0 0.55025 0.6188986232790988 0.008 0.02002503128911139
0 0.5675 0.6170212765957447 0.0035 0.015018773466833541
0 0.5675 0.6170212765957447 0.0035 0.015018773466833541
0 0.61225 0.6226533166458073 0.022 0.038172715894868585
0 0.61225 0.6226533166458073 0.022 0.038172715894868585
0 0.6415 0.6117021276595744 0.019 0.03128911138923655
0 0.6415 0.6117021276595744 0.019 0.03128911138923655
0 0.685 0.5923028785982478 0.0065 0.01376720901126408
0 0.685 0.5923028785982478 0.0065 0.01376720901126408
0 0.693 0.5938673341677096 0.006 0.016270337922403004
0 0.693 0.5938673341677096 0.006 0.016270337922403004
0 0.72625 0.5819774718397998 0.007 0.008135168961201502
0 0.72625 0.5819774718397998 0.007 0.008135168961201502
0 0.7195 0.639549436795995 0.023 0.023779724655819776
0 0.7195 0.639549436795995 0.023 0.023779724655819776
0 0.679 0.6633291614518148 0.008 0.01877346683354193
0 0.679 0.6633291614518148 0.008 0.01877346683354193
0 0.6495 0.6652065081351689 0.0185 0.02252816020025031
0 0.6495 0.6652065081351689 0.0185 0.02252816020025031
0 0.6335 0.6702127659574468 0.006 0.015644555694618274