0 0.7258771929824561 0.40892193308550184 0.010526315789473684 0.031598513011152414
0 0.7258771929824561 0.40892193308550184 0.010526315789473684 0.031598513011152414
0 0.7337719298245614 0.4052044609665427 0.005263157894736842 0.020446096654275093
0 0.7337719298245614 0.4052044609665427 0.005263157894736842 0.020446096654275093
0 0.768859649122807 0.46189591078066916 0.017543859649122806 0.046468401486988845
0 0.768859649122807 0.46189591078066916 0.017543859649122806 0.046468401486988845
0 0.7219298245614035 0.4795539033457249 0.010526315789473684 0.026022304832713755
0 0.7219298245614035 0.4795539033457249 0.010526315789473684 0.026022304832713755
0 0.6978070175438597 0.48141263940520446 0.014035087719298246 0.01858736059479554
0 0.6978070175438597 0.48141263940520446 0.014035087719298246 0.01858736059479554
0 0.6798245614035088 0.5018587360594795 0.011403508771929825 0.03531598513011153
0 0.6798245614035088 0.5018587360594795 0.011403508771929825 0.03531598513011153
0 0.6214912280701754 0.5176579925650557 0.0043859649122807015 0.013011152416356878
0 0.6214912280701754 0.5176579925650557 0.0043859649122807015 0.013011152416356878