0 0.27284105131414266 0.5143843498273878 0.010638297872340425 0.02761795166858458
0 0.27284105131414266 0.5143843498273878 0.010638297872340425 0.02761795166858458
0 0.28473091364205255 0.5195627157652474 0.011264080100125156 0.02186421173762946
0 0.28473091364205255 0.5195627157652474 0.011264080100125156 0.02186421173762946
0 0.3238423028785982 0.5523590333716916 0.007509386733416771 0.02186421173762946
0 0.3238423028785982 0.5523590333716916 0.007509386733416771 0.02186421173762946
0 0.648936170212766 0.5466052934407365 0.008135168961201502 0.02761795166858458
0 0.648936170212766 0.5466052934407365 0.008135168961201502 0.02761795166858458
0 0.6423654568210263 0.546029919447641 0.008135168961201502 0.020713463751438434
0 0.6423654568210263 0.546029919447641 0.008135168961201502 0.020713463751438434
0 0.6389236545682102 0.6386651323360184 0.00688360450563204 0.02186421173762946
0 0.6389236545682102 0.6386651323360184 0.00688360450563204 0.02186421173762946
0 0.34668335419274093 0.64614499424626 0.01376720901126408 0.03222094361334868
0 0.34668335419274093 0.64614499424626 0.01376720901126408 0.03222094361334868
0 0.3016270337922403 0.6311852704257768 0.008760951188986232 0.02186421173762946
0 0.3016270337922403 0.6311852704257768 0.008760951188986232 0.02186421173762946