0 0.3185434516523868 0.5447204968944099 0.0073439412484700125 0.018633540372670808
0 0.3185434516523868 0.5447204968944099 0.0073439412484700125 0.018633540372670808
0 0.3433292533659731 0.5546583850931677 0.0073439412484700125 0.024844720496894408
0 0.3433292533659731 0.5546583850931677 0.0073439412484700125 0.024844720496894408
0 0.3577111383108935 0.5565217391304348 0.009791921664626682 0.02732919254658385
0 0.3577111383108935 0.5565217391304348 0.009791921664626682 0.02732919254658385
0 0.652998776009792 0.5751552795031056 0.0208078335373317 0.05714285714285714
0 0.652998776009792 0.5751552795031056 0.0208078335373317 0.05714285714285714
0 0.6744186046511628 0.5546583850931677 0.02447980416156671 0.03602484472049689
0 0.6744186046511628 0.5546583850931677 0.02447980416156671 0.03602484472049689
0 0.6863525091799265 0.6925465838509317 0.03182374541003672 0.01987577639751553
0 0.6863525091799265 0.6925465838509317 0.03182374541003672 0.01987577639751553
0 0.6291309669522643 0.7105590062111802 0.014687882496940025 0.017391304347826087