0 0.2989596083231334 0.6813664596273292 0.0055079559363525096 0.024844720496894408
0 0.2989596083231334 0.6813664596273292 0.0055079559363525096 0.024844720496894408
0 0.3258873929008568 0.6807453416149069 0.006731946144430845 0.02236024844720497
0 0.3258873929008568 0.6807453416149069 0.006731946144430845 0.02236024844720497
0 0.3402692778457772 0.6857142857142857 0.020195838433292534 0.02857142857142857
0 0.3402692778457772 0.6857142857142857 0.020195838433292534 0.02857142857142857
0 0.3543451652386781 0.6602484472049689 0.01040391676866585 0.024844720496894408
0 0.3543451652386781 0.6602484472049689 0.01040391676866585 0.024844720496894408
0 0.52203182374541 0.6857142857142857 0.0073439412484700125 0.02236024844720497
0 0.52203182374541 0.6857142857142857 0.0073439412484700125 0.02236024844720497
0 0.5480416156670747 0.6832298136645962 0.006731946144430845 0.02236024844720497
0 0.5480416156670747 0.6832298136645962 0.006731946144430845 0.02236024844720497
0 0.326499388004896 0.7596273291925466 0.014075887392900856 0.043478260869565216
0 0.326499388004896 0.7596273291925466 0.014075887392900856 0.043478260869565216
0 0.31670746634026925 0.7503105590062111 0.008567931456548347 0.03229813664596273
0 0.31670746634026925 0.7503105590062111 0.008567931456548347 0.03229813664596273