0 0.27324561403508774 0.379182156133829 0.015789473684210527 0.04275092936802974
0 0.27324561403508774 0.379182156133829 0.015789473684210527 0.04275092936802974
0 0.3364035087719298 0.44144981412639406 0.028070175438596492 0.02973977695167286
0 0.3364035087719298 0.44144981412639406 0.028070175438596492 0.02973977695167286
0 0.35789473684210527 0.44052044609665425 0.008771929824561403 0.02973977695167286
0 0.35789473684210527 0.44052044609665425 0.008771929824561403 0.02973977695167286
0 0.7052631578947368 0.38011152416356875 0.009649122807017544 0.027881040892193308
0 0.7052631578947368 0.38011152416356875 0.009649122807017544 0.027881040892193308
0 0.6473684210526316 0.5139405204460966 0.04035087719298246 0.0687732342007435
0 0.6473684210526316 0.5139405204460966 0.04035087719298246 0.0687732342007435
0 0.6157894736842106 0.5362453531598513 0.012280701754385965 0.040892193308550186
0 0.6157894736842106 0.5362453531598513 0.012280701754385965 0.040892193308550186
0 0.38903508771929823 0.5390334572490706 0.011403508771929825 0.03717472118959108
0 0.38903508771929823 0.5390334572490706 0.011403508771929825 0.03717472118959108
0 0.3618421052631579 0.5213754646840149 0.014035087719298246 0.046468401486988845
0 0.3618421052631579 0.5213754646840149 0.014035087719298246 0.046468401486988845
0 0.3267543859649123 0.5046468401486989 0.014912280701754385 0.05018587360594796
0 0.3267543859649123 0.5046468401486989 0.014912280701754385 0.05018587360594796
0 0.3140350877192982 0.5 0.009649122807017544 0.03531598513011153
0 0.3140350877192982 0.5 0.009649122807017544 0.03531598513011153
0 0.2513157894736842 0.44981412639405205 0.02982456140350877 0.048327137546468404