0 0.2662565905096661 0.3680297397769517 0.028119507908611598 0.0762081784386617
0 0.2662565905096661 0.3680297397769517 0.028119507908611598 0.0762081784386617
0 0.3110720562390158 0.40985130111524165 0.007908611599297012 0.027881040892193308
0 0.3110720562390158 0.40985130111524165 0.007908611599297012 0.027881040892193308
0 0.3475395430579965 0.42657992565055763 0.01757469244288225 0.046468401486988845
0 0.3475395430579965 0.42657992565055763 0.01757469244288225 0.046468401486988845
0 0.32073813708260107 0.40985130111524165 0.007029876977152899 0.022304832713754646
0 0.32073813708260107 0.40985130111524165 0.007029876977152899 0.022304832713754646
0 0.36511423550087874 0.42193308550185876 0.02899824253075571 0.10037174721189591
0 0.36511423550087874 0.42193308550185876 0.02899824253075571 0.10037174721189591
0 0.5909490333919156 0.4395910780669145 0.019332161687170474 0.05204460966542751
0 0.5909490333919156 0.4395910780669145 0.019332161687170474 0.05204460966542751
0 0.6625659050966608 0.4107806691449814 0.008787346221441126 0.024163568773234202
0 0.6625659050966608 0.4107806691449814 0.008787346221441126 0.024163568773234202
0 0.6704745166959578 0.40892193308550184 0.008787346221441126 0.026022304832713755
0 0.6704745166959578 0.40892193308550184 0.008787346221441126 0.026022304832713755
0 0.7170474516695958 0.47304832713754646 0.029876977152899824 0.03903345724907063
0 0.7170474516695958 0.47304832713754646 0.029876977152899824 0.03903345724907063
0 0.6353251318101933 0.5427509293680297 0.040421792618629174 0.048327137546468404
0 0.6353251318101933 0.5427509293680297 0.040421792618629174 0.048327137546468404
0 0.3093145869947276 0.5092936802973977 0.037785588752196834 0.04460966542750929
0 0.3093145869947276 0.5092936802973977 0.037785588752196834 0.04460966542750929
0 0.27768014059753954 0.4674721189591078 0.03427065026362039 0.055762081784386616