0 0.3864749082007344 0.6304347826086957 0.021419828641370868 0.05217391304347826
0 0.3864749082007344 0.6304347826086957 0.021419828641370868 0.05217391304347826
0 0.6936964504283966 0.5975155279503106 0.01040391676866585 0.04596273291925466
0 0.6936964504283966 0.5975155279503106 0.01040391676866585 0.04596273291925466
0 0.70593635250918 0.6037267080745342 0.008567931456548347 0.04472049689440994
0 0.70593635250918 0.6037267080745342 0.008567931456548347 0.04472049689440994
0 0.6578947368421053 0.6229813664596273 0.009179926560587515 0.043478260869565216
0 0.6578947368421053 0.6229813664596273 0.009179926560587515 0.043478260869565216
0 0.6689106487148103 0.6577639751552795 0.025703794369645042 0.02111801242236025
0 0.6689106487148103 0.6577639751552795 0.025703794369645042 0.02111801242236025
0 0.7172582619339045 0.6447204968944099 0.04528763769889841 0.024844720496894408
0 0.7172582619339045 0.6447204968944099 0.04528763769889841 0.024844720496894408
0 0.30354957160342716 0.5142857142857142 0.012239902080783354 0.014906832298136646
0 0.30354957160342716 0.5142857142857142 0.012239902080783354 0.014906832298136646
0 0.7799877600979193 0.6217391304347826 0.009791921664626682 0.017391304347826087
0 0.7799877600979193 0.6217391304347826 0.009791921664626682 0.017391304347826087
0 0.784577723378213 0.5453416149068323 0.017135862913096694 0.02857142857142857