0 0.32759699624530664 0.6052934407364787 0.010012515644555695 0.02991944764096663
0 0.32759699624530664 0.6052934407364787 0.010012515644555695 0.02991944764096663
0 0.33667083854818525 0.6093210586881473 0.011889862327909888 0.02761795166858458
0 0.33667083854818525 0.6093210586881473 0.011889862327909888 0.02761795166858458
0 0.45525657071339176 0.6018411967779056 0.013141426783479349 0.009205983889528193
0 0.45525657071339176 0.6018411967779056 0.013141426783479349 0.009205983889528193
0 0.5153316645807259 0.6024165707710012 0.008760951188986232 0.01726121979286536
0 0.5153316645807259 0.6024165707710012 0.008760951188986232 0.01726121979286536
0 0.5384856070087609 0.5978135788262371 0.025031289111389236 0.014959723820483314
0 0.5384856070087609 0.5978135788262371 0.025031289111389236 0.014959723820483314
0 0.6298498122653317 0.6127733026467204 0.010638297872340425 0.02991944764096663
0 0.6298498122653317 0.6127733026467204 0.010638297872340425 0.02991944764096663
0 0.6220275344180225 0.616800920598389 0.010012515644555695 0.03222094361334868
0 0.6220275344180225 0.616800920598389 0.010012515644555695 0.03222094361334868
0 0.37265331664580725 0.6334867663981588 0.008760951188986232 0.02186421173762946