0 0.31038798498122655 0.5373993095512083 0.014392991239048811 0.04833141542002301
0 0.31038798498122655 0.5373993095512083 0.014392991239048811 0.04833141542002301
0 0.34887359198998746 0.5558112773302647 0.007509386733416771 0.028768699654775604
0 0.34887359198998746 0.5558112773302647 0.007509386733416771 0.028768699654775604
0 0.2753441802252816 0.6058688147295742 0.007509386733416771 0.01726121979286536
0 0.2753441802252816 0.6058688147295742 0.007509386733416771 0.01726121979286536
0 0.3194618272841051 0.616800920598389 0.014392991239048811 0.018411967779056387
0 0.3194618272841051 0.616800920598389 0.014392991239048811 0.018411967779056387
0 0.2681476846057572 0.6024165707710012 0.007509386733416771 0.014959723820483314
0 0.2681476846057572 0.6024165707710012 0.007509386733416771 0.014959723820483314
0 0.360450563204005 0.6208285385500575 0.006257822277847309 0.01380897583429229
0 0.360450563204005 0.6208285385500575 0.006257822277847309 0.01380897583429229
0 0.3545056320400501 0.6185270425776754 0.0037546933667083854 0.011507479861910242
0 0.3545056320400501 0.6185270425776754 0.0037546933667083854 0.011507479861910242
0 0.5857321652065082 0.5632911392405063 0.005632040050062578 0.01726121979286536
0 0.5857321652065082 0.5632911392405063 0.005632040050062578 0.01726121979286536
0 0.610450563204005 0.5632911392405063 0.007509386733416771 0.020713463751438434
0 0.610450563204005 0.5632911392405063 0.007509386733416771 0.020713463751438434
0 0.6996245306633292 0.6104718066743383 0.004380475594493116 0.02186421173762946
0 0.6996245306633292 0.6104718066743383 0.004380475594493116 0.02186421173762946
0 0.6955569461827285 0.6075949367088608 0.005632040050062578 0.020713463751438434
0 0.6955569461827285 0.6075949367088608 0.005632040050062578 0.020713463751438434