0 0.2124762507916403 0.33458646616541354 0.034198860037998734 0.08270676691729323
0 0.2124762507916403 0.33458646616541354 0.034198860037998734 0.08270676691729323
0 0.4623179227359088 0.4598997493734336 0.012032932235592146 0.047619047619047616
0 0.4623179227359088 0.4598997493734336 0.012032932235592146 0.047619047619047616
0 0.47625079164027867 0.4649122807017544 0.018999366687777075 0.06516290726817042
0 0.47625079164027867 0.4649122807017544 0.018999366687777075 0.06516290726817042
0 0.5576314122862571 0.4743107769423559 0.011399620012666244 0.047619047619047616
0 0.5576314122862571 0.4743107769423559 0.011399620012666244 0.047619047619047616
0 0.7070930968967701 0.4223057644110276 0.008233058898036731 0.03508771929824561
0 0.7070930968967701 0.4223057644110276 0.008233058898036731 0.03508771929824561
0 0.7162761241291957 0.41791979949874686 0.01013299556681444 0.03759398496240601
0 0.7162761241291957 0.41791979949874686 0.01013299556681444 0.03759398496240601
0 0.18366054464851173 0.40100250626566414 0.034198860037998734 0.05012531328320802