0 0.24874843554443055 0.5080552359033371 0.009386733416770964 0.02761795166858458
0 0.24874843554443055 0.5080552359033371 0.009386733416770964 0.02761795166858458
0 0.25876095118898623 0.5109321058688148 0.008760951188986232 0.02991944764096663
0 0.25876095118898623 0.5109321058688148 0.008760951188986232 0.02991944764096663
0 0.7061952440550688 0.5166858457997698 0.00688360450563204 0.02531645569620253
0 0.7061952440550688 0.5166858457997698 0.00688360450563204 0.02531645569620253
0 0.7008760951188986 0.5178365937859609 0.005632040050062578 0.026467203682393557
0 0.7008760951188986 0.5178365937859609 0.005632040050062578 0.026467203682393557
0 0.7712765957446809 0.4660529344073648 0.03566958698372966 0.05753739930955121
0 0.7712765957446809 0.4660529344073648 0.03566958698372966 0.05753739930955121
0 0.6911764705882353 0.6219792865362486 0.00688360450563204 0.026467203682393557
0 0.6911764705882353 0.6219792865362486 0.00688360450563204 0.026467203682393557
0 0.6846057571964956 0.6237054085155351 0.00688360450563204 0.028768699654775604
0 0.6846057571964956 0.6237054085155351 0.00688360450563204 0.028768699654775604
0 0.3710888610763454 0.6622554660529344 0.008760951188986232 0.0379746835443038
0 0.3710888610763454 0.6622554660529344 0.008760951188986232 0.0379746835443038
0 0.3332290362953692 0.6242807825086306 0.009386733416770964 0.02761795166858458
0 0.3332290362953692 0.6242807825086306 0.009386733416770964 0.02761795166858458
0 0.2772215269086358 0.6116225546605294 0.010638297872340425 0.02761795166858458
0 0.2772215269086358 0.6116225546605294 0.010638297872340425 0.02761795166858458
0 0.2693992490613267 0.6081703107019563 0.006257822277847309 0.02991944764096663
0 0.2693992490613267 0.6081703107019563 0.006257822277847309 0.02991944764096663