0 0.28473091364205255 0.4942462600690449 0.015644555694618274 0.07940161104718067
0 0.28473091364205255 0.4942462600690449 0.015644555694618274 0.07940161104718067
0 0.30600750938673343 0.5028768699654775 0.026282853566958697 0.10701956271576525
0 0.30600750938673343 0.5028768699654775 0.026282853566958697 0.10701956271576525
0 0.36107634543178974 0.5149597238204833 0.030037546933667083 0.06329113924050633
0 0.36107634543178974 0.5149597238204833 0.030037546933667083 0.06329113924050633
0 0.38704630788485606 0.5345224395857308 0.02065081351689612 0.06214039125431531
0 0.38704630788485606 0.5345224395857308 0.02065081351689612 0.06214039125431531
0 0.3125782227784731 0.6248561565017261 0.015644555694618274 0.04602991944764097
0 0.3125782227784731 0.6248561565017261 0.015644555694618274 0.04602991944764097
0 0.3163329161451815 0.663981588032221 0.01376720901126408 0.023014959723820484
0 0.3163329161451815 0.663981588032221 0.01376720901126408 0.023014959723820484
0 0.3723404255319149 0.6772151898734177 0.013141426783479349 0.024165707710011506
0 0.3723404255319149 0.6772151898734177 0.013141426783479349 0.024165707710011506