0 0.3113266583229036 0.5230149597238205 0.025657071339173967 0.04372842347525892
0 0.3113266583229036 0.5230149597238205 0.025657071339173967 0.04372842347525892
0 0.7224655819774718 0.5155350978135789 0.01376720901126408 0.04257767548906789
0 0.7224655819774718 0.5155350978135789 0.01376720901126408 0.04257767548906789
0 0.7318523153942428 0.520138089758343 0.006257822277847309 0.02991944764096663
0 0.7318523153942428 0.520138089758343 0.006257822277847309 0.02991944764096663
0 0.6264080100125157 0.6478711162255466 0.015018773466833541 0.05063291139240506
0 0.6264080100125157 0.6478711162255466 0.015018773466833541 0.05063291139240506
0 0.6170212765957447 0.6864211737629459 0.010638297872340425 0.04487917146144994
0 0.6170212765957447 0.6864211737629459 0.010638297872340425 0.04487917146144994
0 0.4493116395494368 0.7255466052934407 0.007509386733416771 0.026467203682393557
0 0.4493116395494368 0.7255466052934407 0.007509386733416771 0.026467203682393557
0 0.42490613266583227 0.7197928653624857 0.00688360450563204 0.02531645569620253
0 0.42490613266583227 0.7197928653624857 0.00688360450563204 0.02531645569620253