0 0.3821909424724602 0.5049689440993789 0.009791921664626682 0.03229813664596273
0 0.3821909424724602 0.5049689440993789 0.009791921664626682 0.03229813664596273
0 0.3873929008567931 0.5031055900621118 0.009791921664626682 0.034782608695652174
0 0.3873929008567931 0.5031055900621118 0.009791921664626682 0.034782608695652174
0 0.5257037943696451 0.6105590062111801 0.006119951040391677 0.02732919254658385
0 0.5257037943696451 0.6105590062111801 0.006119951040391677 0.02732919254658385
0 0.7227662178702571 0.6111801242236025 0.016523867809057527 0.07204968944099378
0 0.7227662178702571 0.6111801242236025 0.016523867809057527 0.07204968944099378
0 0.7674418604651163 0.6043478260869565 0.009791921664626682 0.01987577639751553
0 0.7674418604651163 0.6043478260869565 0.009791921664626682 0.01987577639751553
0 0.8390452876376989 0.5527950310559007 0.017747858017135864 0.03975155279503106
0 0.8390452876376989 0.5527950310559007 0.017747858017135864 0.03975155279503106
0 0.4427784577723378 0.6919254658385093 0.011627906976744186 0.03354037267080745