0 0.3588861076345432 0.5586881472957422 0.011889862327909888 0.0379746835443038
0 0.3588861076345432 0.5586881472957422 0.011889862327909888 0.0379746835443038
0 0.6567584480600751 0.5598388952819332 0.008760951188986232 0.03682393555811277
0 0.6567584480600751 0.5598388952819332 0.008760951188986232 0.03682393555811277
0 0.6658322903629537 0.5569620253164557 0.008760951188986232 0.03222094361334868
0 0.6658322903629537 0.5569620253164557 0.008760951188986232 0.03222094361334868
0 0.7230913642052565 0.5356731875719217 0.01376720901126408 0.014959723820483314
0 0.7230913642052565 0.5356731875719217 0.01376720901126408 0.014959723820483314
0 0.7352941176470589 0.6006904487917146 0.00688360450563204 0.019562715765247412
0 0.7352941176470589 0.6006904487917146 0.00688360450563204 0.019562715765247412
0 0.6514392991239049 0.6622554660529344 0.009386733416770964 0.0333716915995397
0 0.6514392991239049 0.6622554660529344 0.009386733416770964 0.0333716915995397
0 0.6392365456821026 0.6645569620253164 0.010012515644555695 0.0333716915995397
0 0.6392365456821026 0.6645569620253164 0.010012515644555695 0.0333716915995397
0 0.6051314142678348 0.6628308400460299 0.01376720901126408 0.0379746835443038
0 0.6051314142678348 0.6628308400460299 0.01376720901126408 0.0379746835443038
0 0.5935544430538173 0.663981588032221 0.010638297872340425 0.0333716915995397
0 0.5935544430538173 0.663981588032221 0.010638297872340425 0.0333716915995397
0 0.5760325406758448 0.6668584579976985 0.010638297872340425 0.028768699654775604
0 0.5760325406758448 0.6668584579976985 0.010638297872340425 0.028768699654775604
0 0.5694618272841051 0.6657077100115075 0.008760951188986232 0.02991944764096663
0 0.5694618272841051 0.6657077100115075 0.008760951188986232 0.02991944764096663
0 0.3851689612015019 0.6565017261219793 0.015018773466833541 0.02991944764096663
0 0.3851689612015019 0.6565017261219793 0.015018773466833541 0.02991944764096663
0 0.28911138923654567 0.6329113924050633 0.009386733416770964 0.031070195627157654