0 0.3979974968710889 0.4626006904487917 0.010012515644555695 0.03222094361334868
0 0.3979974968710889 0.4626006904487917 0.010012515644555695 0.03222094361334868
0 0.386107634543179 0.4574223245109321 0.008135168961201502 0.03682393555811277
0 0.386107634543179 0.4574223245109321 0.008135168961201502 0.03682393555811277
0 0.4183354192740926 0.4815880322209436 0.010638297872340425 0.04487917146144994
0 0.4183354192740926 0.4815880322209436 0.010638297872340425 0.04487917146144994
0 0.4934292866082603 0.5195627157652474 0.010012515644555695 0.04142692750287687
0 0.4934292866082603 0.5195627157652474 0.010012515644555695 0.04142692750287687
0 0.5190863579474343 0.5143843498273878 0.013141426783479349 0.04027617951668585
0 0.5190863579474343 0.5143843498273878 0.013141426783479349 0.04027617951668585
0 0.7393617021276596 0.46029919447640966 0.030037546933667083 0.08170310701956271
0 0.7393617021276596 0.46029919447640966 0.030037546933667083 0.08170310701956271
0 0.42897371714643306 0.5753739930955121 0.009386733416770964 0.031070195627157654
0 0.42897371714643306 0.5753739930955121 0.009386733416770964 0.031070195627157654