0 0.1511264080100125 0.4660529344073648 0.02252816020025031 0.05063291139240506
0 0.1511264080100125 0.4660529344073648 0.02252816020025031 0.05063291139240506
0 0.17240300375469336 0.46490218642117376 0.02127659574468085 0.05753739930955121
0 0.17240300375469336 0.46490218642117376 0.02127659574468085 0.05753739930955121
0 0.6580100125156445 0.46375143843498273 0.00688360450563204 0.01611047180667434
0 0.6580100125156445 0.46375143843498273 0.00688360450563204 0.01611047180667434
0 0.6220275344180225 0.6104718066743383 0.02252816020025031 0.06444188722669736
0 0.6220275344180225 0.6104718066743383 0.02252816020025031 0.06444188722669736
0 0.5772841051314143 0.6087456846950517 0.05444305381727159 0.0713463751438435
0 0.5772841051314143 0.6087456846950517 0.05444305381727159 0.0713463751438435
0 0.5109511889862328 0.6288837744533947 0.01376720901126408 0.04833141542002301
0 0.5109511889862328 0.6288837744533947 0.01376720901126408 0.04833141542002301
0 0.1332916145181477 0.5609896432681243 0.011889862327909888 0.02991944764096663
0 0.1332916145181477 0.5609896432681243 0.011889862327909888 0.02991944764096663
0 0.1214017521902378 0.5621403912543153 0.010638297872340425 0.039125431530494824
0 0.1214017521902378 0.5621403912543153 0.010638297872340425 0.039125431530494824
0 0.08448060075093868 0.5443037974683544 0.03128911138923655 0.039125431530494824