0 0.2390488110137672 0.5345224395857308 0.015644555694618274 0.03452243958573072
0 0.2390488110137672 0.5345224395857308 0.015644555694618274 0.03452243958573072
0 0.2944305381727159 0.6449942462600691 0.008760951188986232 0.02186421173762946
0 0.2944305381727159 0.6449942462600691 0.008760951188986232 0.02186421173762946
0 0.6483103879849812 0.5788262370540852 0.008135168961201502 0.03222094361334868
0 0.6483103879849812 0.5788262370540852 0.008135168961201502 0.03222094361334868
0 0.7509386733416771 0.5166858457997698 0.016896120150187734 0.047180667433831994
0 0.7509386733416771 0.5166858457997698 0.016896120150187734 0.047180667433831994
0 0.7349812265331664 0.6288837744533947 0.008760951188986232 0.018411967779056387
0 0.7349812265331664 0.6288837744533947 0.008760951188986232 0.018411967779056387
0 0.7284105131414268 0.6283084004602992 0.005632040050062578 0.02186421173762946
0 0.7284105131414268 0.6283084004602992 0.005632040050062578 0.02186421173762946