0 0.3402692778457772 0.49503105590062113 0.019583843329253364 0.037267080745341616
0 0.3402692778457772 0.49503105590062113 0.019583843329253364 0.037267080745341616
0 0.3561811505507956 0.5285714285714286 0.014075887392900856 0.03229813664596273
0 0.3561811505507956 0.5285714285714286 0.014075887392900856 0.03229813664596273
0 0.38004895960832313 0.5416149068322982 0.01346389228886169 0.02981366459627329
0 0.38004895960832313 0.5416149068322982 0.01346389228886169 0.02981366459627329
0 0.43268053855569155 0.7068322981366459 0.020195838433292534 0.06832298136645963
0 0.43268053855569155 0.7068322981366459 0.020195838433292534 0.06832298136645963
0 0.5994492044063647 0.5409937888198758 0.01591187270501836 0.06832298136645963
0 0.5994492044063647 0.5409937888198758 0.01591187270501836 0.06832298136645963
0 0.9155446756425949 0.5204968944099378 0.033047735618115054 0.0670807453416149
0 0.9155446756425949 0.5204968944099378 0.033047735618115054 0.0670807453416149
0 0.8821909424724602 0.546583850931677 0.022643818849449205 0.07204968944099378
0 0.8821909424724602 0.546583850931677 0.022643818849449205 0.07204968944099378
0 0.9063647490820074 0.65527950310559 0.025703794369645042 0.0422360248447205
0 0.9063647490820074 0.65527950310559 0.025703794369645042 0.0422360248447205
0 0.8466952264381885 0.691304347826087 0.01040391676866585 0.02111801242236025
0 0.8466952264381885 0.691304347826087 0.01040391676866585 0.02111801242236025
0 0.8362913096695227 0.6881987577639752 0.009179926560587515 0.031055900621118012
0 0.8362913096695227 0.6881987577639752 0.009179926560587515 0.031055900621118012