0 0.3041301627033792 0.5350978135788262 0.011264080100125156 0.0333716915995397
0 0.3041301627033792 0.5350978135788262 0.011264080100125156 0.0333716915995397
0 0.2944305381727159 0.5299194476409667 0.008760951188986232 0.039125431530494824
0 0.2944305381727159 0.5299194476409667 0.008760951188986232 0.039125431530494824
0 0.34198998748435544 0.5402761795166858 0.008135168961201502 0.01726121979286536
0 0.34198998748435544 0.5402761795166858 0.008135168961201502 0.01726121979286536
0 0.6586357947434293 0.6271576524741082 0.010012515644555695 0.02991944764096663
0 0.6586357947434293 0.6271576524741082 0.010012515644555695 0.02991944764096663
0 0.617334167709637 0.6352128883774454 0.040675844806007506 0.05753739930955121
0 0.617334167709637 0.6352128883774454 0.040675844806007506 0.05753739930955121
0 0.4030037546933667 0.6588032220943614 0.008760951188986232 0.02186421173762946
0 0.4030037546933667 0.6588032220943614 0.008760951188986232 0.02186421173762946
0 0.4283479349186483 0.6990794016110472 0.011264080100125156 0.03567318757192175
0 0.4283479349186483 0.6990794016110472 0.011264080100125156 0.03567318757192175