0 0.633108935128519 0.5360248447204969 0.00795593635250918 0.024844720496894408
0 0.633108935128519 0.5360248447204969 0.00795593635250918 0.024844720496894408
0 0.6242350061199511 0.5341614906832298 0.006119951040391677 0.02236024844720497
0 0.6242350061199511 0.5341614906832298 0.006119951040391677 0.02236024844720497
0 0.6031211750305998 0.5416149068322982 0.009179926560587515 0.03354037267080745
0 0.6031211750305998 0.5416149068322982 0.009179926560587515 0.03354037267080745
0 0.6324969400244798 0.5322981366459627 0.006119951040391677 0.024844720496894408
0 0.6324969400244798 0.5322981366459627 0.006119951040391677 0.024844720496894408
0 0.4908200734394125 0.5962732919254659 0.0073439412484700125 0.024844720496894408
0 0.4908200734394125 0.5962732919254659 0.0073439412484700125 0.024844720496894408
0 0.30416156670746636 0.6863354037267081 0.04834761321909425 0.049689440993788817
0 0.30416156670746636 0.6863354037267081 0.04834761321909425 0.049689440993788817
0 0.3815789473684211 0.6850931677018633 0.012239902080783354 0.02981366459627329
0 0.3815789473684211 0.6850931677018633 0.012239902080783354 0.02981366459627329
0 0.3929008567931457 0.6826086956521739 0.011015911872705019 0.02732919254658385
0 0.3929008567931457 0.6826086956521739 0.011015911872705019 0.02732919254658385
0 0.5483476132190942 0.7012422360248447 0.012239902080783354 0.040993788819875775
0 0.5483476132190942 0.7012422360248447 0.012239902080783354 0.040993788819875775
0 0.5596695226438189 0.6925465838509317 0.012851897184822521 0.04472049689440994
0 0.5596695226438189 0.6925465838509317 0.012851897184822521 0.04472049689440994
0 0.5584455324357405 0.6937888198757765 0.01040391676866585 0.04720496894409938
0 0.5584455324357405 0.6937888198757765 0.01040391676866585 0.04720496894409938
0 0.5976132190942472 0.6745341614906832 0.016523867809057527 0.0546583850931677
0 0.5976132190942472 0.6745341614906832 0.016523867809057527 0.0546583850931677
0 0.6175030599755202 0.6937888198757765 0.0073439412484700125 0.02732919254658385
0 0.6175030599755202 0.6937888198757765 0.0073439412484700125 0.02732919254658385
0 0.6582007343941249 0.6956521739130435 0.009791921664626682 0.034782608695652174
0 0.6582007343941249 0.6956521739130435 0.009791921664626682 0.034782608695652174
0 0.6673806609547124 0.6583850931677019 0.01591187270501836 0.02981366459627329