0 0.27726146220570014 0.5458015267175572 0.031598513011152414 0.06615776081424936
0 0.27726146220570014 0.5458015267175572 0.031598513011152414 0.06615776081424936
0 0.6037794299876085 0.5477099236641222 0.006195786864931847 0.044529262086514
0 0.6037794299876085 0.5477099236641222 0.006195786864931847 0.044529262086514
0 0.6115241635687733 0.5578880407124682 0.010532837670384139 0.03307888040712468
0 0.6115241635687733 0.5578880407124682 0.010532837670384139 0.03307888040712468
0 0.6474597273853779 0.6437659033078881 0.00929368029739777 0.05343511450381679
0 0.6474597273853779 0.6437659033078881 0.00929368029739777 0.05343511450381679
0 0.6174101610904585 0.6507633587786259 0.0080545229244114 0.043256997455470736
0 0.6174101610904585 0.6507633587786259 0.0080545229244114 0.043256997455470736
0 0.6245353159851301 0.6412213740458015 0.006815365551425031 0.03435114503816794
0 0.6245353159851301 0.6412213740458015 0.006815365551425031 0.03435114503816794
0 0.3940520446096654 0.6437659033078881 0.00929368029739777 0.03307888040712468
0 0.3940520446096654 0.6437659033078881 0.00929368029739777 0.03307888040712468
0 0.3847583643122677 0.6361323155216285 0.0055762081784386614 0.029262086513994912
0 0.3847583643122677 0.6361323155216285 0.0055762081784386614 0.029262086513994912