0 0.23060075093867335 0.570771001150748 0.05819774718397998 0.047180667433831994
0 0.23060075093867335 0.570771001150748 0.05819774718397998 0.047180667433831994
0 0.2734668335419274 0.5638665132336018 0.028785982478097622 0.0379746835443038
0 0.2734668335419274 0.5638665132336018 0.028785982478097622 0.0379746835443038
0 0.548811013767209 0.5189873417721519 0.02190237797246558 0.03452243958573072
0 0.548811013767209 0.5189873417721519 0.02190237797246558 0.03452243958573072
0 0.5807259073842302 0.5592635212888377 0.03566958698372966 0.06098964326812428
0 0.5807259073842302 0.5592635212888377 0.03566958698372966 0.06098964326812428
0 0.6345431789737171 0.570771001150748 0.028785982478097622 0.02531645569620253
0 0.6345431789737171 0.570771001150748 0.028785982478097622 0.02531645569620253
0 0.6070087609511889 0.5592635212888377 0.015018773466833541 0.02531645569620253
0 0.6070087609511889 0.5592635212888377 0.015018773466833541 0.02531645569620253
0 0.5225281602002503 0.5724971231300345 0.04005006257822278 0.03567318757192175
0 0.5225281602002503 0.5724971231300345 0.04005006257822278 0.03567318757192175
0 0.5494367959949937 0.5667433831990794 0.016270337922403004 0.028768699654775604
0 0.5494367959949937 0.5667433831990794 0.016270337922403004 0.028768699654775604
0 0.4956195244055069 0.5615650172612198 0.008760951188986232 0.031070195627157654
0 0.4956195244055069 0.5615650172612198 0.008760951188986232 0.031070195627157654
0 0.5456821026282853 0.5172612197928653 0.016270337922403004 0.02531645569620253
0 0.5456821026282853 0.5172612197928653 0.016270337922403004 0.02531645569620253
0 0.5 0.5120828538550057 0.028785982478097622 0.023014959723820484
0 0.5 0.5120828538550057 0.028785982478097622 0.023014959723820484
0 0.23591989987484355 0.5086306098964327 0.009386733416770964 0.031070195627157654