0 0.6682986536107711 0.6807453416149069 0.011015911872705019 0.031055900621118012
0 0.6682986536107711 0.6807453416149069 0.011015911872705019 0.031055900621118012
0 0.697062423500612 0.6919254658385093 0.00795593635250918 0.02857142857142857
0 0.697062423500612 0.6919254658385093 0.00795593635250918 0.02857142857142857
0 0.8145654834761322 0.7043478260869566 0.014075887392900856 0.04596273291925466
0 0.8145654834761322 0.7043478260869566 0.014075887392900856 0.04596273291925466
0 0.7888616891064871 0.691304347826087 0.018971848225214197 0.01987577639751553
0 0.7888616891064871 0.691304347826087 0.018971848225214197 0.01987577639751553
0 0.7946756425948592 0.8 0.011015911872705019 0.034782608695652174
0 0.7946756425948592 0.8 0.011015911872705019 0.034782608695652174
0 0.8108935128518971 0.7931677018633541 0.00795593635250918 0.03602484472049689