0 0.4339799749687109 0.740506329113924 0.008135168961201502 0.031070195627157654
0 0.4339799749687109 0.740506329113924 0.008135168961201502 0.031070195627157654
0 0.44336670838548187 0.7364787111622555 0.010638297872340425 0.031070195627157654
0 0.44336670838548187 0.7364787111622555 0.010638297872340425 0.031070195627157654
0 0.3360450563204005 0.7197928653624857 0.007509386733416771 0.03567318757192175
0 0.3360450563204005 0.7197928653624857 0.007509386733416771 0.03567318757192175
0 0.5416145181476846 0.7646720368239356 0.00688360450563204 0.026467203682393557
0 0.5416145181476846 0.7646720368239356 0.00688360450563204 0.026467203682393557
0 0.6339173967459324 0.7957422324510932 0.036921151439299124 0.023014959723820484
0 0.6339173967459324 0.7957422324510932 0.036921151439299124 0.023014959723820484
0 0.7343554443053817 0.7341772151898734 0.029411764705882353 0.08630609896432681
0 0.7343554443053817 0.7341772151898734 0.029411764705882353 0.08630609896432681
0 0.8914267834793492 0.6996547756041427 0.00688360450563204 0.020713463751438434
0 0.8914267834793492 0.6996547756041427 0.00688360450563204 0.020713463751438434
0 0.8986232790988736 0.7002301495972382 0.0037546933667083854 0.014959723820483314
0 0.8986232790988736 0.7002301495972382 0.0037546933667083854 0.014959723820483314
0 0.467459324155194 0.8550057537399309 0.009386733416770964 0.028768699654775604
0 0.467459324155194 0.8550057537399309 0.009386733416770964 0.028768699654775604
0 0.3632665832290363 0.8331415420023015 0.008760951188986232 0.020713463751438434