0 0.2002503128911139 0.7266973532796318 0.02002503128911139 0.06214039125431531
0 0.2002503128911139 0.7266973532796318 0.02002503128911139 0.06214039125431531
0 0.22121401752190237 0.7485615650172612 0.025031289111389236 0.08285385500575373
0 0.22121401752190237 0.7485615650172612 0.025031289111389236 0.08285385500575373
0 0.25375469336670836 0.7422324510932106 0.018147684605757195 0.05063291139240506
0 0.25375469336670836 0.7422324510932106 0.018147684605757195 0.05063291139240506
0 0.27409261576971217 0.740506329113924 0.013141426783479349 0.04027617951668585
0 0.27409261576971217 0.740506329113924 0.013141426783479349 0.04027617951668585
0 0.6724030037546934 0.7036823935558113 0.02002503128911139 0.0379746835443038
0 0.6724030037546934 0.7036823935558113 0.02002503128911139 0.0379746835443038
0 0.7287234042553191 0.7261219792865362 0.010012515644555695 0.014959723820483314
0 0.7287234042553191 0.7261219792865362 0.010012515644555695 0.014959723820483314
0 0.7418648310387985 0.738204833141542 0.011264080100125156 0.04142692750287687
0 0.7418648310387985 0.738204833141542 0.011264080100125156 0.04142692750287687
0 0.6623904881101377 0.8762945914844649 0.011889862327909888 0.02761795166858458
0 0.6623904881101377 0.8762945914844649 0.011889862327909888 0.02761795166858458
0 0.5791614518147684 0.9027617951668585 0.017521902377972465 0.04487917146144994
0 0.5791614518147684 0.9027617951668585 0.017521902377972465 0.04487917146144994
0 0.3782853566958698 0.905638665132336 0.015018773466833541 0.05983889528193326
0 0.3782853566958698 0.905638665132336 0.015018773466833541 0.05983889528193326