0 0.35841836734693877 0.5377008652657602 0.01594387755102041 0.049443757725587144
0 0.35841836734693877 0.5377008652657602 0.01594387755102041 0.049443757725587144
0 0.6651785714285714 0.5333745364647713 0.01211734693877551 0.05686032138442522
0 0.6651785714285714 0.5333745364647713 0.01211734693877551 0.05686032138442522
0 0.6744260204081632 0.5327564894932015 0.01020408163265306 0.04449938195302843
0 0.6744260204081632 0.5327564894932015 0.01020408163265306 0.04449938195302843
0 0.6954719387755102 0.5302843016069221 0.017857142857142856 0.06798516687268233
0 0.6954719387755102 0.5302843016069221 0.017857142857142856 0.06798516687268233
0 0.7079081632653061 0.5271940667490729 0.009566326530612245 0.03584672435105068
0 0.7079081632653061 0.5271940667490729 0.009566326530612245 0.03584672435105068
0 0.7487244897959183 0.5339925834363412 0.007653061224489796 0.029666254635352288
0 0.7487244897959183 0.5339925834363412 0.007653061224489796 0.029666254635352288
0 0.7637117346938775 0.6674907292954264 0.035076530612244895 0.02843016069221261
0 0.7637117346938775 0.6674907292954264 0.035076530612244895 0.02843016069221261
0 0.7072704081632653 0.6600741656365884 0.013392857142857142 0.022249690976514216
0 0.7072704081632653 0.6600741656365884 0.013392857142857142 0.022249690976514216
0 0.6457270408163265 0.6390605686032138 0.008928571428571428 0.034610630407911
0 0.6457270408163265 0.6390605686032138 0.008928571428571428 0.034610630407911
0 0.6374362244897959 0.6396786155747837 0.008290816326530613 0.037082818294190356
0 0.6374362244897959 0.6396786155747837 0.008290816326530613 0.037082818294190356
0 0.4346301020408163 0.6440049443757726 0.008290816326530613 0.030902348578491966
0 0.4346301020408163 0.6440049443757726 0.008290816326530613 0.030902348578491966
0 0.3909438775510204 0.6656365883807169 0.024872448979591837 0.059332509270704575
0 0.3909438775510204 0.6656365883807169 0.024872448979591837 0.059332509270704575
0 0.37563775510204084 0.6508034610630408 0.02423469387755102 0.0173053152039555
0 0.37563775510204084 0.6508034610630408 0.02423469387755102 0.0173053152039555
0 0.3517219387755102 0.6557478368355995 0.009566326530612245 0.030902348578491966
0 0.3517219387755102 0.6557478368355995 0.009566326530612245 0.030902348578491966
0 0.33896683673469385 0.657601977750309 0.010841836734693877 0.03955500618046971