0 0.4355263157894737 0.4684014869888476 0.011403508771929825 0.046468401486988845
0 0.4355263157894737 0.4684014869888476 0.011403508771929825 0.046468401486988845
0 0.4535087719298246 0.48605947955390333 0.007017543859649123 0.024163568773234202
0 0.4535087719298246 0.48605947955390333 0.007017543859649123 0.024163568773234202
0 0.46271929824561403 0.49070631970260226 0.011403508771929825 0.048327137546468404
0 0.46271929824561403 0.49070631970260226 0.011403508771929825 0.048327137546468404
0 0.7008771929824561 0.5371747211895911 0.007017543859649123 0.026022304832713755
0 0.7008771929824561 0.5371747211895911 0.007017543859649123 0.026022304832713755
0 0.6614035087719298 0.5650557620817844 0.0061403508771929825 0.022304832713754646
0 0.6614035087719298 0.5650557620817844 0.0061403508771929825 0.022304832713754646
0 0.6399122807017544 0.5548327137546468 0.02631578947368421 0.04460966542750929
0 0.6399122807017544 0.5548327137546468 0.02631578947368421 0.04460966542750929
0 0.5925438596491228 0.6217472118959108 0.021929824561403508 0.03531598513011153
0 0.5925438596491228 0.6217472118959108 0.021929824561403508 0.03531598513011153
0 0.39473684210526316 0.5641263940520446 0.014912280701754385 0.03717472118959108
0 0.39473684210526316 0.5641263940520446 0.014912280701754385 0.03717472118959108
0 0.2942982456140351 0.5408921933085502 0.043859649122807015 0.08364312267657993
0 0.2942982456140351 0.5408921933085502 0.043859649122807015 0.08364312267657993