0 0.7487484355444305 0.7692750287686997 0.005632040050062578 0.03567318757192175
0 0.7487484355444305 0.7692750287686997 0.005632040050062578 0.03567318757192175
0 0.8200876095118899 0.7508630609896433 0.009386733416770964 0.028768699654775604
0 0.8200876095118899 0.7508630609896433 0.009386733416770964 0.028768699654775604
0 0.5403629536921152 0.8642117376294591 0.015018773466833541 0.04142692750287687
0 0.5403629536921152 0.8642117376294591 0.015018773466833541 0.04142692750287687
0 0.36639549436795993 0.7951668584579977 0.011889862327909888 0.024165707710011506
0 0.36639549436795993 0.7951668584579977 0.011889862327909888 0.024165707710011506
0 0.3469962453066333 0.786536248561565 0.015644555694618274 0.039125431530494824
0 0.3469962453066333 0.786536248561565 0.015644555694618274 0.039125431530494824
0 0.38235294117647056 0.8141542002301496 0.015644555694618274 0.02761795166858458