0 0.30448154657293497 0.42100371747211895 0.04657293497363796 0.06505576208178439
0 0.30448154657293497 0.42100371747211895 0.04657293497363796 0.06505576208178439
0 0.4169595782073814 0.38940520446096655 0.028119507908611598 0.040892193308550186
0 0.4169595782073814 0.38940520446096655 0.028119507908611598 0.040892193308550186
0 0.46836555360281196 0.4117100371747212 0.023725834797891036 0.020446096654275093
0 0.46836555360281196 0.4117100371747212 0.023725834797891036 0.020446096654275093
0 0.523286467486819 0.3763940520446097 0.021968365553602813 0.04275092936802974
0 0.523286467486819 0.3763940520446097 0.021968365553602813 0.04275092936802974
0 0.5597539543057997 0.36059479553903345 0.01054481546572935 0.031598513011152414
0 0.5597539543057997 0.36059479553903345 0.01054481546572935 0.031598513011152414
0 0.5988576449912126 0.39219330855018586 0.04305799648506151 0.08736059479553904
0 0.5988576449912126 0.39219330855018586 0.04305799648506151 0.08736059479553904
0 0.687609841827768 0.3680297397769517 0.03163444639718805 0.02973977695167286
0 0.687609841827768 0.3680297397769517 0.03163444639718805 0.02973977695167286
0 0.6770650263620387 0.5427509293680297 0.04305799648506151 0.0687732342007435
0 0.6770650263620387 0.5427509293680297 0.04305799648506151 0.0687732342007435
0 0.6067662565905096 0.5762081784386617 0.03427065026362039 0.03717472118959108
0 0.6067662565905096 0.5762081784386617 0.03427065026362039 0.03717472118959108
0 0.6388400702987698 0.5604089219330854 0.030755711775043937 0.046468401486988845
0 0.6388400702987698 0.5604089219330854 0.030755711775043937 0.046468401486988845
0 0.44200351493848855 0.5817843866171004 0.0210896309314587 0.046468401486988845
0 0.44200351493848855 0.5817843866171004 0.0210896309314587 0.046468401486988845
0 0.4253075571177504 0.5799256505576208 0.025483304042179262 0.03345724907063197
0 0.4253075571177504 0.5799256505576208 0.025483304042179262 0.03345724907063197
0 0.4094903339191564 0.5473977695167286 0.015817223198594025 0.055762081784386616
0 0.4094903339191564 0.5473977695167286 0.015817223198594025 0.055762081784386616
0 0.2992091388400703 0.5613382899628253 0.05272407732864675 0.08178438661710037
0 0.2992091388400703 0.5613382899628253 0.05272407732864675 0.08178438661710037