0 0.33229036295369213 0.5817031070195627 0.007509386733416771 0.02761795166858458
0 0.33229036295369213 0.5817031070195627 0.007509386733416771 0.02761795166858458
0 0.6911764705882353 0.5581127733026467 0.00688360450563204 0.024165707710011506
0 0.6911764705882353 0.5581127733026467 0.00688360450563204 0.024165707710011506
0 0.7271589486858573 0.49136939010356734 0.008135168961201502 0.03452243958573072
0 0.7271589486858573 0.49136939010356734 0.008135168961201502 0.03452243958573072
0 0.7643929912390488 0.5678941311852704 0.0344180225281602 0.06098964326812428
0 0.7643929912390488 0.5678941311852704 0.0344180225281602 0.06098964326812428
0 0.6458072590738423 0.6553509781357882 0.011889862327909888 0.026467203682393557
0 0.6458072590738423 0.6553509781357882 0.011889862327909888 0.026467203682393557
0 0.619837296620776 0.6657077100115075 0.007509386733416771 0.024165707710011506
0 0.619837296620776 0.6657077100115075 0.007509386733416771 0.024165707710011506
0 0.6160826032540676 0.6708860759493671 0.005632040050062578 0.02186421173762946
0 0.6160826032540676 0.6708860759493671 0.005632040050062578 0.02186421173762946
0 0.3776595744680851 0.6858457997698504 0.031914893617021274 0.06789413118527042
0 0.3776595744680851 0.6858457997698504 0.031914893617021274 0.06789413118527042
0 0.33448060075093866 0.6628308400460299 0.008135168961201502 0.02991944764096663
0 0.33448060075093866 0.6628308400460299 0.008135168961201502 0.02991944764096663