0 0.27105427323767933 0.51 0.039301310043668124 0.0525
0 0.27105427323767933 0.51 0.039301310043668124 0.0525
0 0.327199001871491 0.51625 0.046163443543356206 0.06625
0 0.327199001871491 0.51625 0.046163443543356206 0.06625
0 0.3640049906425452 0.503125 0.028696194635059263 0.06625
0 0.3640049906425452 0.503125 0.028696194635059263 0.06625
0 0.6269494697442296 0.484375 0.011852776044915784 0.0275
0 0.6269494697442296 0.484375 0.011852776044915784 0.0275
0 0.7046163443543356 0.480625 0.025577043044291953 0.06
0 0.7046163443543356 0.480625 0.025577043044291953 0.06
0 0.6924516531503431 0.616875 0.049906425452276984 0.0475
0 0.6924516531503431 0.616875 0.049906425452276984 0.0475
0 0.6291328758577667 0.64 0.041172800998128506 0.04625
0 0.6291328758577667 0.64 0.041172800998128506 0.04625
0 0.6066749844042421 0.640625 0.010605115408608859 0.03625
0 0.6066749844042421 0.640625 0.010605115408608859 0.03625
0 0.34684965689332503 0.664375 0.031191515907673113 0.07375
0 0.34684965689332503 0.664375 0.031191515907673113 0.07375
0 0.38334373050530257 0.6725 0.011228945726762321 0.0275
0 0.38334373050530257 0.6725 0.011228945726762321 0.0275
0 0.4160948222083593 0.683125 0.007485963817841547 0.03625
0 0.4160948222083593 0.683125 0.007485963817841547 0.03625
0 0.577666874610106 0.50375 0.0037429819089207735 0.03375