0 0.28410513141426785 0.619102416570771 0.018147684605757195 0.023014959723820484
0 0.28410513141426785 0.619102416570771 0.018147684605757195 0.023014959723820484
0 0.3197747183979975 0.6380897583429229 0.023153942428035045 0.05178365937859609
0 0.3197747183979975 0.6380897583429229 0.023153942428035045 0.05178365937859609
0 0.30600750938673343 0.6432681242807825 0.014392991239048811 0.03452243958573072
0 0.30600750938673343 0.6432681242807825 0.014392991239048811 0.03452243958573072
0 0.6151439299123905 0.6599539700805523 0.010012515644555695 0.02531645569620253
0 0.6151439299123905 0.6599539700805523 0.010012515644555695 0.02531645569620253
0 0.655819774718398 0.6467203682393556 0.026282853566958697 0.06789413118527042
0 0.655819774718398 0.6467203682393556 0.026282853566958697 0.06789413118527042
0 0.668648310387985 0.6432681242807825 0.016896120150187734 0.04142692750287687
0 0.668648310387985 0.6432681242807825 0.016896120150187734 0.04142692750287687
0 0.7418648310387985 0.5811277330264673 0.018147684605757195 0.01726121979286536
0 0.7418648310387985 0.5811277330264673 0.018147684605757195 0.01726121979286536
0 0.6595744680851063 0.5523590333716916 0.013141426783479349 0.02531645569620253
0 0.6595744680851063 0.5523590333716916 0.013141426783479349 0.02531645569620253
0 0.6808510638297872 0.5241657077100115 0.011264080100125156 0.03222094361334868