0 0.22090112640801002 0.5028768699654775 0.014392991239048811 0.06098964326812428
0 0.22090112640801002 0.5028768699654775 0.014392991239048811 0.06098964326812428
0 0.24843554443053817 0.5040276179516686 0.028160200250312892 0.07710011507479862
0 0.24843554443053817 0.5040276179516686 0.028160200250312892 0.07710011507479862
0 0.45431789737171463 0.5684695051783659 0.007509386733416771 0.02531645569620253
0 0.45431789737171463 0.5684695051783659 0.007509386733416771 0.02531645569620253
0 0.5444305381727159 0.5575373993095513 0.005632040050062578 0.02761795166858458
0 0.5444305381727159 0.5575373993095513 0.005632040050062578 0.02761795166858458
0 0.7230913642052565 0.640391254315305 0.012515644555694618 0.019562715765247412
0 0.7230913642052565 0.640391254315305 0.012515644555694618 0.019562715765247412
0 0.58729662077597 0.6593785960874569 0.007509386733416771 0.028768699654775604
0 0.58729662077597 0.6593785960874569 0.007509386733416771 0.028768699654775604
0 0.36639549436795993 0.6985040276179517 0.016270337922403004 0.023014959723820484