0 0.2657320872274143 0.5244667503136763 0.018691588785046728 0.07151819322459223
0 0.2657320872274143 0.5244667503136763 0.018691588785046728 0.07151819322459223
0 0.2819314641744548 0.5050188205771644 0.013707165109034268 0.05144291091593475
0 0.2819314641744548 0.5050188205771644 0.013707165109034268 0.05144291091593475
0 0.3102803738317757 0.520702634880803 0.013707165109034268 0.05520702634880803
0 0.3102803738317757 0.520702634880803 0.013707165109034268 0.05520702634880803
0 0.7071651090342679 0.5941028858218319 0.006853582554517134 0.025094102885821833
0 0.7071651090342679 0.5941028858218319 0.006853582554517134 0.025094102885821833
0 0.6224299065420561 0.6148055207026348 0.02118380062305296 0.01756587202007528
0 0.6224299065420561 0.6148055207026348 0.02118380062305296 0.01756587202007528
0 0.608411214953271 0.6480552070263488 0.009968847352024923 0.037641154328732745