0 0.31119951040391675 0.5105590062111801 0.006731946144430845 0.02981366459627329
0 0.31119951040391675 0.5105590062111801 0.006731946144430845 0.02981366459627329
0 0.34791921664626685 0.5273291925465838 0.02447980416156671 0.0546583850931677
0 0.34791921664626685 0.5273291925465838 0.02447980416156671 0.0546583850931677
0 0.32099143206854347 0.513664596273292 0.009179926560587515 0.02732919254658385
0 0.32099143206854347 0.513664596273292 0.009179926560587515 0.02732919254658385
0 0.6952264381884945 0.4937888198757764 0.004895960832313341 0.02981366459627329
0 0.6952264381884945 0.4937888198757764 0.004895960832313341 0.02981366459627329
0 0.616891064871481 0.6739130434782609 0.011015911872705019 0.03354037267080745
0 0.616891064871481 0.6739130434782609 0.011015911872705019 0.03354037267080745
0 0.6040391676866586 0.6968944099378882 0.015299877600979192 0.03850931677018633
0 0.6040391676866586 0.6968944099378882 0.015299877600979192 0.03850931677018633
0 0.3650550795593635 0.6732919254658385 0.012239902080783354 0.03602484472049689
0 0.3650550795593635 0.6732919254658385 0.012239902080783354 0.03602484472049689
0 0.3200734394124847 0.653416149068323 0.009791921664626682 0.03354037267080745
0 0.3200734394124847 0.653416149068323 0.009791921664626682 0.03354037267080745
0 0.261015911872705 0.6254658385093168 0.022031823745410038 0.062111801242236024