0 0.3675438596491228 0.46933085501858735 0.031578947368421054 0.05390334572490706
0 0.3675438596491228 0.46933085501858735 0.031578947368421054 0.05390334572490706
0 0.3956140350877193 0.4563197026022305 0.02456140350877193 0.04460966542750929
0 0.3956140350877193 0.4563197026022305 0.02456140350877193 0.04460966542750929
0 0.4587719298245614 0.48977695167286245 0.021929824561403508 0.07434944237918216
0 0.4587719298245614 0.48977695167286245 0.021929824561403508 0.07434944237918216
0 0.5052631578947369 0.5111524163568774 0.007017543859649123 0.03717472118959108
0 0.5052631578947369 0.5111524163568774 0.007017543859649123 0.03717472118959108
0 0.5982456140350877 0.6068773234200744 0.02894736842105263 0.055762081784386616
0 0.5982456140350877 0.6068773234200744 0.02894736842105263 0.055762081784386616
0 0.28114035087719297 0.5687732342007435 0.039473684210526314 0.06133828996282528
0 0.28114035087719297 0.5687732342007435 0.039473684210526314 0.06133828996282528
0 0.2513157894736842 0.5306691449814126 0.014035087719298246 0.026022304832713755