0 0.28128911138923657 0.47871116225546606 0.01939924906132666 0.0805523590333717
0 0.28128911138923657 0.47871116225546606 0.01939924906132666 0.0805523590333717
0 0.373279098873592 0.5304948216340621 0.016270337922403004 0.06098964326812428
0 0.373279098873592 0.5304948216340621 0.016270337922403004 0.06098964326812428
0 0.3551314142678348 0.5339470655926352 0.006257822277847309 0.05293440736478711
0 0.3551314142678348 0.5339470655926352 0.006257822277847309 0.05293440736478711
0 0.5635168961201502 0.5655926352128884 0.015018773466833541 0.04833141542002301
0 0.5635168961201502 0.5655926352128884 0.015018773466833541 0.04833141542002301
0 0.6066958698372966 0.6001150747986191 0.02002503128911139 0.08285385500575373
0 0.6066958698372966 0.6001150747986191 0.02002503128911139 0.08285385500575373
0 0.6242177722152691 0.4982738780207135 0.00688360450563204 0.01611047180667434
0 0.6242177722152691 0.4982738780207135 0.00688360450563204 0.01611047180667434
0 0.60450563204005 0.4487917146144994 0.017521902377972465 0.04257767548906789