0 0.34975520195838433 0.5652173913043478 0.017135862913096694 0.04596273291925466
0 0.34975520195838433 0.5652173913043478 0.017135862913096694 0.04596273291925466
0 0.49847001223990206 0.5782608695652174 0.011015911872705019 0.034782608695652174
0 0.49847001223990206 0.5782608695652174 0.011015911872705019 0.034782608695652174
0 0.5119339045287638 0.5807453416149069 0.011627906976744186 0.02981366459627329
0 0.5119339045287638 0.5807453416149069 0.011627906976744186 0.02981366459627329
0 0.5382496940024479 0.570807453416149 0.004283965728274173 0.02111801242236025
0 0.5382496940024479 0.570807453416149 0.004283965728274173 0.02111801242236025
0 0.6077111383108935 0.6434782608695652 0.019583843329253364 0.03229813664596273
0 0.6077111383108935 0.6434782608695652 0.019583843329253364 0.03229813664596273
0 0.45716034271725825 0.6633540372670808 0.011015911872705019 0.024844720496894408
0 0.45716034271725825 0.6633540372670808 0.011015911872705019 0.024844720496894408
0 0.3714810281517748 0.6590062111801243 0.043451652386780906 0.04720496894409938
0 0.3714810281517748 0.6590062111801243 0.043451652386780906 0.04720496894409938
0 0.3466952264381885 0.6583850931677019 0.009791921664626682 0.02732919254658385