0 0.3304130162703379 0.4626006904487917 0.031914893617021274 0.06904487917146145
0 0.3304130162703379 0.4626006904487917 0.031914893617021274 0.06904487917146145
0 0.3645181476846058 0.4942462600690449 0.030037546933667083 0.05868814729574223
0 0.3645181476846058 0.4942462600690449 0.030037546933667083 0.05868814729574223
0 0.3973717146433041 0.5046029919447641 0.02002503128911139 0.05523590333716916
0 0.3973717146433041 0.5046029919447641 0.02002503128911139 0.05523590333716916
0 0.6717772215269087 0.5989643268124281 0.008135168961201502 0.02186421173762946
0 0.6717772215269087 0.5989643268124281 0.008135168961201502 0.02186421173762946
0 0.6185857321652065 0.6294591484464902 0.009386733416770964 0.031070195627157654
0 0.6185857321652065 0.6294591484464902 0.009386733416770964 0.031070195627157654
0 0.5854192740926157 0.6104718066743383 0.008760951188986232 0.05178365937859609
0 0.5854192740926157 0.6104718066743383 0.008760951188986232 0.05178365937859609
0 0.38204005006257824 0.6064441887226697 0.009386733416770964 0.04948216340621404
0 0.38204005006257824 0.6064441887226697 0.009386733416770964 0.04948216340621404
0 0.42083854818523153 0.5138089758342923 0.007509386733416771 0.03682393555811277