0 0.36107711138310894 0.529192546583851 0.019583843329253364 0.055900621118012424
0 0.36107711138310894 0.529192546583851 0.019583843329253364 0.055900621118012424
0 0.44645042839657284 0.5950310559006211 0.014075887392900856 0.04596273291925466
0 0.44645042839657284 0.5950310559006211 0.014075887392900856 0.04596273291925466
0 0.4669522643818849 0.6086956521739131 0.0073439412484700125 0.03229813664596273
0 0.4669522643818849 0.6086956521739131 0.0073439412484700125 0.03229813664596273
0 0.5082619339045288 0.6204968944099379 0.006119951040391677 0.03975155279503106
0 0.5082619339045288 0.6204968944099379 0.006119951040391677 0.03975155279503106
0 0.75 0.4751552795031056 0.025703794369645042 0.049689440993788817
0 0.75 0.4751552795031056 0.025703794369645042 0.049689440993788817
0 0.651468788249694 0.6683229813664596 0.022031823745410038 0.03975155279503106
0 0.651468788249694 0.6683229813664596 0.022031823745410038 0.03975155279503106
0 0.6370869033047736 0.677639751552795 0.014687882496940025 0.0546583850931677
0 0.6370869033047736 0.677639751552795 0.014687882496940025 0.0546583850931677
0 0.25397796817625456 0.5975155279503106 0.009791921664626682 0.01987577639751553