0 0.1939924906132666 0.5765247410817032 0.018147684605757195 0.04142692750287687
0 0.1939924906132666 0.5765247410817032 0.018147684605757195 0.04142692750287687
0 0.2299749687108886 0.6127733026467204 0.015644555694618274 0.04027617951668585
0 0.2299749687108886 0.6127733026467204 0.015644555694618274 0.04027617951668585
0 0.32759699624530664 0.6357882623705409 0.02127659574468085 0.04602991944764097
0 0.32759699624530664 0.6357882623705409 0.02127659574468085 0.04602991944764097
0 0.28504380475594493 0.6398158803222095 0.010638297872340425 0.02991944764096663
0 0.28504380475594493 0.6398158803222095 0.010638297872340425 0.02991944764096663
0 0.2712765957446808 0.5316455696202531 0.009386733416770964 0.023014959723820484
0 0.2712765957446808 0.5316455696202531 0.009386733416770964 0.023014959723820484
0 0.623279098873592 0.5316455696202531 0.023779724655819776 0.02186421173762946
0 0.623279098873592 0.5316455696202531 0.023779724655819776 0.02186421173762946
0 0.5932415519399249 0.6547756041426928 0.01376720901126408 0.023014959723820484
0 0.5932415519399249 0.6547756041426928 0.01376720901126408 0.023014959723820484