0 0.5006119951040392 0.6645962732919255 0.00795593635250918 0.031055900621118012
0 0.5006119951040392 0.6645962732919255 0.00795593635250918 0.031055900621118012
0 0.5107099143206855 0.6614906832298136 0.006731946144430845 0.04596273291925466
0 0.5107099143206855 0.6614906832298136 0.006731946144430845 0.04596273291925466
0 0.7506119951040392 0.6645962732919255 0.011015911872705019 0.049689440993788817
0 0.7506119951040392 0.6645962732919255 0.011015911872705019 0.049689440993788817
0 0.7258261933904528 0.7496894409937889 0.006119951040391677 0.02857142857142857
0 0.7258261933904528 0.7496894409937889 0.006119951040391677 0.02857142857142857
0 0.6716646266829865 0.7490683229813665 0.004283965728274173 0.014906832298136646
0 0.6716646266829865 0.7490683229813665 0.004283965728274173 0.014906832298136646
0 0.6664626682986536 0.7503105590062111 0.004283965728274173 0.017391304347826087
0 0.6664626682986536 0.7503105590062111 0.004283965728274173 0.017391304347826087
0 0.5587515299877601 0.7552795031055901 0.011015911872705019 0.03850931677018633
0 0.5587515299877601 0.7552795031055901 0.011015911872705019 0.03850931677018633
0 0.5275397796817626 0.7521739130434782 0.017747858017135864 0.03354037267080745