0 0.33414932680538556 0.6509316770186335 0.03488372093023256 0.08819875776397515
0 0.33414932680538556 0.6509316770186335 0.03488372093023256 0.08819875776397515
0 0.6089351285189718 0.6459627329192547 0.012239902080783354 0.043478260869565216
0 0.6089351285189718 0.6459627329192547 0.012239902080783354 0.043478260869565216
0 0.7359241126070991 0.6093167701863355 0.01835985312117503 0.07204968944099378
0 0.7359241126070991 0.6093167701863355 0.01835985312117503 0.07204968944099378
0 0.7212362301101591 0.6049689440993788 0.014075887392900856 0.05217391304347826
0 0.7212362301101591 0.6049689440993788 0.014075887392900856 0.05217391304347826
0 0.7236842105263158 0.7180124223602484 0.008567931456548347 0.02360248447204969
0 0.7236842105263158 0.7180124223602484 0.008567931456548347 0.02360248447204969
0 0.682374541003672 0.7329192546583851 0.0055079559363525096 0.014906832298136646
0 0.682374541003672 0.7329192546583851 0.0055079559363525096 0.014906832298136646
0 0.3274173806609547 0.7608695652173914 0.018971848225214197 0.05341614906832298