0 0.28884590586718245 0.5547858942065491 0.05415860735009671 0.05793450881612091
0 0.28884590586718245 0.5547858942065491 0.05415860735009671 0.05793450881612091
0 0.31947130883301095 0.5875314861460957 0.009026434558349452 0.02644836272040302
0 0.31947130883301095 0.5875314861460957 0.009026434558349452 0.02644836272040302
0 0.6528046421663443 0.6133501259445844 0.02127659574468085 0.04659949622166247
0 0.6528046421663443 0.6133501259445844 0.02127659574468085 0.04659949622166247
0 0.6940683430045133 0.6114609571788413 0.05351386202450032 0.1070528967254408
0 0.6940683430045133 0.6114609571788413 0.05351386202450032 0.1070528967254408
0 0.7343649258542876 0.5780856423173804 0.02321083172147002 0.060453400503778336
0 0.7343649258542876 0.5780856423173804 0.02321083172147002 0.060453400503778336
0 0.6702127659574468 0.5157430730478589 0.009671179883945842 0.018891687657430732