0 0.2561199510403917 0.5043478260869565 0.018971848225214197 0.037267080745341616
0 0.2561199510403917 0.5043478260869565 0.018971848225214197 0.037267080745341616
0 0.3026315789473684 0.49130434782608695 0.031211750305997554 0.05093167701863354
0 0.3026315789473684 0.49130434782608695 0.031211750305997554 0.05093167701863354
0 0.25428396572827416 0.4670807453416149 0.011015911872705019 0.037267080745341616
0 0.25428396572827416 0.4670807453416149 0.011015911872705019 0.037267080745341616
0 0.6912484700122399 0.5397515527950311 0.01040391676866585 0.037267080745341616
0 0.6912484700122399 0.5397515527950311 0.01040391676866585 0.037267080745341616
0 0.7276621787025703 0.5198757763975155 0.00795593635250918 0.02236024844720497
0 0.7276621787025703 0.5198757763975155 0.00795593635250918 0.02236024844720497
0 0.7347001223990208 0.5211180124223602 0.006731946144430845 0.03229813664596273
0 0.7347001223990208 0.5211180124223602 0.006731946144430845 0.03229813664596273