0 0.35 0.47434292866082606 0.021 0.028785982478097622
0 0.35 0.47434292866082606 0.021 0.028785982478097622
0 0.3435 0.5459949937421777 0.0065 0.02002503128911139
0 0.3435 0.5459949937421777 0.0065 0.02002503128911139
0 0.63775 0.49655819774718396 0.0125 0.02065081351689612
0 0.63775 0.49655819774718396 0.0125 0.02065081351689612
0 0.69275 0.4881101376720901 0.0105 0.015644555694618274
0 0.69275 0.4881101376720901 0.0105 0.015644555694618274
0 0.53775 0.5056320400500626 0.0055 0.016270337922403004
0 0.53775 0.5056320400500626 0.0055 0.016270337922403004
0 0.55575 0.5078222778473092 0.004 0.013141426783479349
0 0.55575 0.5078222778473092 0.004 0.013141426783479349