0 0.36383108935128516 0.5447204968944099 0.01591187270501836 0.040993788819875775
0 0.36383108935128516 0.5447204968944099 0.01591187270501836 0.040993788819875775
0 0.3849449204406365 0.5540372670807453 0.008567931456548347 0.02236024844720497
0 0.3849449204406365 0.5540372670807453 0.008567931456548347 0.02236024844720497
0 0.6462668298653611 0.5565217391304348 0.011627906976744186 0.02732919254658385
0 0.6462668298653611 0.5565217391304348 0.011627906976744186 0.02732919254658385
0 0.6655446756425949 0.5503105590062112 0.012239902080783354 0.03850931677018633
0 0.6655446756425949 0.5503105590062112 0.012239902080783354 0.03850931677018633
0 0.6891064871481029 0.6242236024844721 0.0073439412484700125 0.018633540372670808
0 0.6891064871481029 0.6242236024844721 0.0073439412484700125 0.018633540372670808
0 0.7172582619339045 0.622360248447205 0.00795593635250918 0.01987577639751553
0 0.7172582619339045 0.622360248447205 0.00795593635250918 0.01987577639751553
0 0.6337209302325582 0.6559006211180124 0.0055079559363525096 0.017391304347826087
0 0.6337209302325582 0.6559006211180124 0.0055079559363525096 0.017391304347826087
0 0.31670746634026925 0.6273291925465838 0.011015911872705019 0.02981366459627329