0 0.3526282853566959 0.663981588032221 0.015644555694618274 0.03452243958573072
0 0.3526282853566959 0.663981588032221 0.015644555694618274 0.03452243958573072
0 0.39142678347934917 0.6139240506329114 0.012515644555694618 0.03567318757192175
0 0.39142678347934917 0.6139240506329114 0.012515644555694618 0.03567318757192175
0 0.6120150187734669 0.6622554660529344 0.02127659574468085 0.03682393555811277
0 0.6120150187734669 0.6622554660529344 0.02127659574468085 0.03682393555811277
0 0.6163954943679599 0.5937859608745685 0.017521902377972465 0.04602991944764097
0 0.6163954943679599 0.5937859608745685 0.017521902377972465 0.04602991944764097
0 0.6357947434292867 0.5897583429228999 0.02190237797246558 0.05753739930955121
0 0.6357947434292867 0.5897583429228999 0.02190237797246558 0.05753739930955121
0 0.6411138923654568 0.6518987341772152 0.026282853566958697 0.023014959723820484