0 0.32535736482287136 0.4942084942084942 0.0254816656308266 0.05791505791505792
0 0.32535736482287136 0.4942084942084942 0.0254816656308266 0.05791505791505792
0 0.3440024860161591 0.5051480051480052 0.00870105655686762 0.04247104247104247
0 0.3440024860161591 0.5051480051480052 0.00870105655686762 0.04247104247104247
0 0.3573648228713487 0.6164736164736164 0.006836544437538844 0.028314028314028315
0 0.3573648228713487 0.6164736164736164 0.006836544437538844 0.028314028314028315
0 0.38471100062150404 0.62998712998713 0.013673088875077687 0.032175032175032175
0 0.38471100062150404 0.62998712998713 0.013673088875077687 0.032175032175032175
0 0.5736482287134866 0.6306306306306306 0.006215040397762586 0.02445302445302445
0 0.5736482287134866 0.6306306306306306 0.006215040397762586 0.02445302445302445
0 0.5972653822249845 0.6158301158301158 0.006836544437538844 0.02445302445302445
0 0.5972653822249845 0.6158301158301158 0.006836544437538844 0.02445302445302445
0 0.6041019266625233 0.6074646074646075 0.009322560596643879 0.032175032175032175
0 0.6041019266625233 0.6074646074646075 0.009322560596643879 0.032175032175032175
0 0.6261653200745805 0.611969111969112 0.01305158483530143 0.029601029601029602
0 0.6261653200745805 0.611969111969112 0.01305158483530143 0.029601029601029602
0 0.6572405220633935 0.601029601029601 0.04661280298321939 0.0888030888030888
0 0.6572405220633935 0.601029601029601 0.04661280298321939 0.0888030888030888
0 0.6957737725295214 0.4568854568854569 0.009944064636420136 0.023166023166023165
0 0.6957737725295214 0.4568854568854569 0.009944064636420136 0.023166023166023165
0 0.7001243008079553 0.44851994851994853 0.005593536357986327 0.023166023166023165
0 0.7001243008079553 0.44851994851994853 0.005593536357986327 0.023166023166023165
0 0.6516469857054071 0.4864864864864865 0.00435052827843381 0.032175032175032175
0 0.6516469857054071 0.4864864864864865 0.00435052827843381 0.032175032175032175
0 0.6451211932877564 0.49099099099099097 0.006836544437538844 0.028314028314028315
0 0.6451211932877564 0.49099099099099097 0.006836544437538844 0.028314028314028315
0 0.612802983219391 0.5128700128700129 0.01305158483530143 0.04633204633204633
0 0.612802983219391 0.5128700128700129 0.01305158483530143 0.04633204633204633
0 0.5894965817277812 0.5148005148005148 0.009322560596643879 0.02445302445302445
0 0.5894965817277812 0.5148005148005148 0.009322560596643879 0.02445302445302445
0 0.5366687383467993 0.546975546975547 0.009322560596643879 0.04118404118404118
0 0.5366687383467993 0.546975546975547 0.009322560596643879 0.04118404118404118
0 0.5550031075201989 0.5347490347490348 0.005593536357986327 0.021879021879021878
0 0.5550031075201989 0.5347490347490348 0.005593536357986327 0.021879021879021878
0 0.5146053449347421 0.5630630630630631 0.032318210068365445 0.06435006435006435
0 0.5146053449347421 0.5630630630630631 0.032318210068365445 0.06435006435006435
0 0.4754505904288378 0.5566280566280566 0.032939714108141706 0.0489060489060489
0 0.4754505904288378 0.5566280566280566 0.032939714108141706 0.0489060489060489
0 0.44530764449968924 0.5379665379665379 0.023617153511497825 0.043758043758043756
0 0.44530764449968924 0.5379665379665379 0.023617153511497825 0.043758043758043756