0 0.3304130162703379 0.6357882623705409 0.011264080100125156 0.03567318757192175
0 0.3304130162703379 0.6357882623705409 0.011264080100125156 0.03567318757192175
0 0.3429286608260325 0.6432681242807825 0.018147684605757195 0.04372842347525892
0 0.3429286608260325 0.6432681242807825 0.018147684605757195 0.04372842347525892
0 0.6351689612015019 0.6444188722669736 0.016270337922403004 0.0379746835443038
0 0.6351689612015019 0.6444188722669736 0.016270337922403004 0.0379746835443038
0 0.6470588235294118 0.6398158803222095 0.015018773466833541 0.03682393555811277
0 0.6470588235294118 0.6398158803222095 0.015018773466833541 0.03682393555811277
0 0.6670838548185232 0.546029919447641 0.011264080100125156 0.03452243958573072
0 0.6670838548185232 0.546029919447641 0.011264080100125156 0.03452243958573072
0 0.655819774718398 0.5489067894131185 0.008760951188986232 0.02761795166858458