0 0.3913587977457733 0.5050955414012739 0.015028177833437696 0.044585987261146494
0 0.3913587977457733 0.5050955414012739 0.015028177833437696 0.044585987261146494
0 0.40513462742642453 0.5152866242038217 0.028177833437695678 0.08280254777070063
0 0.40513462742642453 0.5152866242038217 0.028177833437695678 0.08280254777070063
0 0.5356919223544145 0.5509554140127388 0.008766437069505322 0.03184713375796178
0 0.5356919223544145 0.5509554140127388 0.008766437069505322 0.03184713375796178
0 0.6956793988728867 0.5076433121019108 0.013775829680651221 0.044585987261146494
0 0.6956793988728867 0.5076433121019108 0.013775829680651221 0.044585987261146494
0 0.725735754539762 0.489171974522293 0.012523481527864746 0.061146496815286625
0 0.725735754539762 0.489171974522293 0.012523481527864746 0.061146496815286625
0 0.6837820914214151 0.5095541401273885 0.005009392611145898 0.0267515923566879
0 0.6837820914214151 0.5095541401273885 0.005009392611145898 0.0267515923566879
0 0.7589229805886036 0.6248407643312102 0.013149655604257984 0.049681528662420385
0 0.7589229805886036 0.6248407643312102 0.013149655604257984 0.049681528662420385
0 0.7467125860989355 0.6254777070063694 0.006261740763932373 0.034394904458598725
0 0.7467125860989355 0.6254777070063694 0.006261740763932373 0.034394904458598725
0 0.7053850970569818 0.6490445859872611 0.008766437069505322 0.035668789808917196
0 0.7053850970569818 0.6490445859872611 0.008766437069505322 0.035668789808917196
0 0.6947401377582968 0.6490445859872611 0.011271133375078271 0.049681528662420385
0 0.6947401377582968 0.6490445859872611 0.011271133375078271 0.049681528662420385
0 0.6380713838447089 0.6490445859872611 0.013775829680651221 0.04076433121019108
0 0.6380713838447089 0.6490445859872611 0.013775829680651221 0.04076433121019108
0 0.6064495929868503 0.6554140127388535 0.0068879148403256105 0.025477707006369428
0 0.6064495929868503 0.6554140127388535 0.0068879148403256105 0.025477707006369428
0 0.40388227927363807 0.6611464968152866 0.007514088916718848 0.03184713375796178
0 0.40388227927363807 0.6611464968152866 0.007514088916718848 0.03184713375796178
0 0.35848465873512836 0.6477707006369426 0.010644959298685034 0.05477707006369427
0 0.35848465873512836 0.6477707006369426 0.010644959298685034 0.05477707006369427