0 0.4521276595744681 0.5891829689298044 0.0037546933667083854 0.03222094361334868
0 0.4521276595744681 0.5891829689298044 0.0037546933667083854 0.03222094361334868
0 0.4599499374217772 0.5891829689298044 0.010012515644555695 0.04142692750287687
0 0.4599499374217772 0.5891829689298044 0.010012515644555695 0.04142692750287687
0 0.4937421777221527 0.6185270425776754 0.007509386733416771 0.04487917146144994
0 0.4937421777221527 0.6185270425776754 0.007509386733416771 0.04487917146144994
0 0.5610137672090113 0.593210586881473 0.011264080100125156 0.04372842347525892
0 0.5610137672090113 0.593210586881473 0.011264080100125156 0.04372842347525892
0 0.4158322903629537 0.7088607594936709 0.013141426783479349 0.0379746835443038
0 0.4158322903629537 0.7088607594936709 0.013141426783479349 0.0379746835443038
0 0.38986232790988734 0.667433831990794 0.010638297872340425 0.02531645569620253
0 0.38986232790988734 0.667433831990794 0.010638297872340425 0.02531645569620253
0 0.3288485607008761 0.6634062140391255 0.03629536921151439 0.06098964326812428
0 0.3288485607008761 0.6634062140391255 0.03629536921151439 0.06098964326812428