0 0.3269712140175219 0.522439585730725 0.005632040050062578 0.014959723820483314
0 0.3269712140175219 0.522439585730725 0.005632040050062578 0.014959723820483314
0 0.37703379224030037 0.5431530494821634 0.010638297872340425 0.02761795166858458
0 0.37703379224030037 0.5431530494821634 0.010638297872340425 0.02761795166858458
0 0.4189612015018773 0.5535097813578826 0.008135168961201502 0.03452243958573072
0 0.4189612015018773 0.5535097813578826 0.008135168961201502 0.03452243958573072
0 0.43898623279098875 0.5575373993095513 0.005632040050062578 0.028768699654775604
0 0.43898623279098875 0.5575373993095513 0.005632040050062578 0.028768699654775604
0 0.4474342928660826 0.5586881472957422 0.00688360450563204 0.026467203682393557
0 0.4474342928660826 0.5586881472957422 0.00688360450563204 0.026467203682393557
0 0.6551939924906133 0.5247410817031071 0.009386733416770964 0.026467203682393557
0 0.6551939924906133 0.5247410817031071 0.009386733416770964 0.026467203682393557
0 0.30600750938673343 0.6421173762945915 0.007509386733416771 0.018411967779056387
0 0.30600750938673343 0.6421173762945915 0.007509386733416771 0.018411967779056387