0 0.2337719298245614 0.4451672862453532 0.011403508771929825 0.03531598513011153
0 0.2337719298245614 0.4451672862453532 0.011403508771929825 0.03531598513011153
0 0.2482456140350877 0.4451672862453532 0.016666666666666666 0.048327137546468404
0 0.2482456140350877 0.4451672862453532 0.016666666666666666 0.048327137546468404
0 0.2824561403508772 0.46654275092936803 0.008771929824561403 0.02973977695167286
0 0.2824561403508772 0.46654275092936803 0.008771929824561403 0.02973977695167286
0 0.29342105263157897 0.4656133828996282 0.013157894736842105 0.046468401486988845
0 0.29342105263157897 0.4656133828996282 0.013157894736842105 0.046468401486988845
0 0.32412280701754387 0.483271375464684 0.015789473684210527 0.04460966542750929
0 0.32412280701754387 0.483271375464684 0.015789473684210527 0.04460966542750929
0 0.3337719298245614 0.483271375464684 0.008771929824561403 0.027881040892193308
0 0.3337719298245614 0.483271375464684 0.008771929824561403 0.027881040892193308
0 0.36271929824561405 0.491635687732342 0.008771929824561403 0.031598513011152414
0 0.36271929824561405 0.491635687732342 0.008771929824561403 0.031598513011152414
0 0.6153508771929824 0.48977695167286245 0.021929824561403508 0.06505576208178439
0 0.6153508771929824 0.48977695167286245 0.021929824561403508 0.06505576208178439
0 0.6942982456140351 0.45353159851301117 0.005263157894736842 0.01858736059479554
0 0.6942982456140351 0.45353159851301117 0.005263157894736842 0.01858736059479554
0 0.7017543859649122 0.4544609665427509 0.005263157894736842 0.020446096654275093
0 0.7017543859649122 0.4544609665427509 0.005263157894736842 0.020446096654275093
0 0.731140350877193 0.5483271375464684 0.009649122807017544 0.02973977695167286
0 0.731140350877193 0.5483271375464684 0.009649122807017544 0.02973977695167286
0 0.6320175438596491 0.5631970260223048 0.007017543859649123 0.026022304832713755
0 0.6320175438596491 0.5631970260223048 0.007017543859649123 0.026022304832713755
0 0.3530701754385965 0.5724907063197026 0.010526315789473684 0.02973977695167286
0 0.3530701754385965 0.5724907063197026 0.010526315789473684 0.02973977695167286
0 0.256140350877193 0.5576208178438662 0.010526315789473684 0.04275092936802974
0 0.256140350877193 0.5576208178438662 0.010526315789473684 0.04275092936802974
0 0.3736842105263158 0.5808550185873605 0.007894736842105263 0.01858736059479554
0 0.3736842105263158 0.5808550185873605 0.007894736842105263 0.01858736059479554