0 0.2327909887359199 0.5057537399309551 0.010012515644555695 0.028768699654775604
0 0.2327909887359199 0.5057537399309551 0.010012515644555695 0.028768699654775604
0 0.27753441802252815 0.5212888377445339 0.006257822277847309 0.01726121979286536
0 0.27753441802252815 0.5212888377445339 0.006257822277847309 0.01726121979286536
0 0.3172715894868586 0.5322209436133487 0.008135168961201502 0.024165707710011506
0 0.3172715894868586 0.5322209436133487 0.008135168961201502 0.024165707710011506
0 0.32540675844806005 0.5339470655926352 0.012515644555694618 0.028768699654775604
0 0.32540675844806005 0.5339470655926352 0.012515644555694618 0.028768699654775604
0 0.35638297872340424 0.5391254315304949 0.011264080100125156 0.026467203682393557
0 0.35638297872340424 0.5391254315304949 0.011264080100125156 0.026467203682393557
0 0.34668335419274093 0.5425776754890679 0.00688360450563204 0.01611047180667434
0 0.34668335419274093 0.5425776754890679 0.00688360450563204 0.01611047180667434
0 0.43898623279098875 0.546029919447641 0.0050062578222778474 0.02531645569620253
0 0.43898623279098875 0.546029919447641 0.0050062578222778474 0.02531645569620253
0 0.5203379224030038 0.5425776754890679 0.0050062578222778474 0.026467203682393557
0 0.5203379224030038 0.5425776754890679 0.0050062578222778474 0.026467203682393557
0 0.6070087609511889 0.5391254315304949 0.011264080100125156 0.02761795166858458
0 0.6070087609511889 0.5391254315304949 0.011264080100125156 0.02761795166858458
0 0.6151439299123905 0.5379746835443038 0.007509386733416771 0.020713463751438434
0 0.6151439299123905 0.5379746835443038 0.007509386733416771 0.020713463751438434
0 0.639549436795995 0.5333716915995397 0.00688360450563204 0.023014959723820484
0 0.639549436795995 0.5333716915995397 0.00688360450563204 0.023014959723820484
0 0.6470588235294118 0.5327963176064442 0.009386733416770964 0.018411967779056387
0 0.6470588235294118 0.5327963176064442 0.009386733416770964 0.018411967779056387
0 0.7227784730913642 0.503452243958573 0.014392991239048811 0.03222094361334868
0 0.7227784730913642 0.503452243958573 0.014392991239048811 0.03222094361334868
0 0.7158948685857321 0.5811277330264673 0.00688360450563204 0.018411967779056387
0 0.7158948685857321 0.5811277330264673 0.00688360450563204 0.018411967779056387
0 0.7221526908635795 0.5788262370540852 0.00688360450563204 0.02186421173762946
0 0.7221526908635795 0.5788262370540852 0.00688360450563204 0.02186421173762946
0 0.6445556946182729 0.6018411967779056 0.010638297872340425 0.010356731875719217
0 0.6445556946182729 0.6018411967779056 0.010638297872340425 0.010356731875719217
0 0.2878598247809762 0.6012658227848101 0.009386733416770964 0.028768699654775604
0 0.2878598247809762 0.6012658227848101 0.009386733416770964 0.028768699654775604
0 0.30381727158948685 0.6075949367088608 0.01877346683354193 0.04372842347525892
0 0.30381727158948685 0.6075949367088608 0.01877346683354193 0.04372842347525892
0 0.38172715894868586 0.6173762945914845 0.009386733416770964 0.02991944764096663