0 0.20525657071339173 0.5126582278481012 0.02127659574468085 0.06444188722669736
0 0.20525657071339173 0.5126582278481012 0.02127659574468085 0.06444188722669736
0 0.22715894868585731 0.5063291139240507 0.009386733416770964 0.039125431530494824
0 0.22715894868585731 0.5063291139240507 0.009386733416770964 0.039125431530494824
0 0.3316645807259074 0.5506329113924051 0.008760951188986232 0.031070195627157654
0 0.3316645807259074 0.5506329113924051 0.008760951188986232 0.031070195627157654
0 0.32259073842302877 0.5483314154200231 0.008760951188986232 0.02531645569620253
0 0.32259073842302877 0.5483314154200231 0.008760951188986232 0.02531645569620253
0 0.3973717146433041 0.5264672036823935 0.008760951188986232 0.0333716915995397
0 0.3973717146433041 0.5264672036823935 0.008760951188986232 0.0333716915995397
0 0.4827909887359199 0.5799769850402762 0.005632040050062578 0.020713463751438434
0 0.4827909887359199 0.5799769850402762 0.005632040050062578 0.020713463751438434
0 0.47684605757196497 0.5805523590333717 0.005632040050062578 0.026467203682393557
0 0.47684605757196497 0.5805523590333717 0.005632040050062578 0.026467203682393557
0 0.6004380475594493 0.5466052934407365 0.010012515644555695 0.026467203682393557
0 0.6004380475594493 0.5466052934407365 0.010012515644555695 0.026467203682393557
0 0.6101376720901126 0.5397008055235903 0.008760951188986232 0.019562715765247412
0 0.6101376720901126 0.5397008055235903 0.008760951188986232 0.019562715765247412
0 0.7575093867334167 0.476409666283084 0.02753441802252816 0.05523590333716916
0 0.7575093867334167 0.476409666283084 0.02753441802252816 0.05523590333716916
0 0.7640801001251565 0.596662830840046 0.03254067584480601 0.047180667433831994
0 0.7640801001251565 0.596662830840046 0.03254067584480601 0.047180667433831994
0 0.6977471839799749 0.6651323360184119 0.008760951188986232 0.026467203682393557
0 0.6977471839799749 0.6651323360184119 0.008760951188986232 0.026467203682393557
0 0.6357947434292867 0.6720368239355581 0.005632040050062578 0.018411967779056387