0 0.2784577723378213 0.5211180124223602 0.017747858017135864 0.07950310559006211
0 0.2784577723378213 0.5211180124223602 0.017747858017135864 0.07950310559006211
0 0.29253365973072215 0.5062111801242236 0.014075887392900856 0.055900621118012424
0 0.29253365973072215 0.5062111801242236 0.014075887392900856 0.055900621118012424
0 0.3216034271725826 0.5254658385093167 0.011627906976744186 0.049689440993788817
0 0.3216034271725826 0.5254658385093167 0.011627906976744186 0.049689440993788817
0 0.7111383108935129 0.598136645962733 0.00795593635250918 0.02360248447204969
0 0.7111383108935129 0.598136645962733 0.00795593635250918 0.02360248447204969
0 0.6392288861689106 0.6086956521739131 0.0397796817625459 0.02981366459627329
0 0.6392288861689106 0.6086956521739131 0.0397796817625459 0.02981366459627329
0 0.6138310893512852 0.6453416149068323 0.011015911872705019 0.0422360248447205