0 0.25 0.5684695051783659 0.008760951188986232 0.01726121979286536
0 0.25 0.5684695051783659 0.008760951188986232 0.01726121979286536
0 0.30287859824780977 0.5690448791714614 0.008760951188986232 0.04027617951668585
0 0.30287859824780977 0.5690448791714614 0.008760951188986232 0.04027617951668585
0 0.33197747183979975 0.5569620253164557 0.011889862327909888 0.031070195627157654
0 0.33197747183979975 0.5569620253164557 0.011889862327909888 0.031070195627157654
0 0.4005006257822278 0.5995397008055235 0.023153942428035045 0.05523590333716916
0 0.4005006257822278 0.5995397008055235 0.023153942428035045 0.05523590333716916
0 0.7196495619524406 0.5788262370540852 0.015644555694618274 0.028768699654775604
0 0.7196495619524406 0.5788262370540852 0.015644555694618274 0.028768699654775604
0 0.7096370463078848 0.620253164556962 0.016896120150187734 0.0379746835443038
0 0.7096370463078848 0.620253164556962 0.016896120150187734 0.0379746835443038
0 0.6179599499374218 0.6599539700805523 0.011889862327909888 0.0333716915995397
0 0.6179599499374218 0.6599539700805523 0.011889862327909888 0.0333716915995397