0 0.26032540675844806 0.5276179516685846 0.01376720901126408 0.04257767548906789
0 0.26032540675844806 0.5276179516685846 0.01376720901126408 0.04257767548906789
0 0.35857321652065083 0.5581127733026467 0.016270337922403004 0.07364787111622555
0 0.35857321652065083 0.5581127733026467 0.016270337922403004 0.07364787111622555
0 0.38172715894868586 0.5379746835443038 0.030037546933667083 0.06329113924050633
0 0.38172715894868586 0.5379746835443038 0.030037546933667083 0.06329113924050633
0 0.4267834793491865 0.5586881472957422 0.01376720901126408 0.06444188722669736
0 0.4267834793491865 0.5586881472957422 0.01376720901126408 0.06444188722669736
0 0.45588235294117646 0.5431530494821634 0.025031289111389236 0.06098964326812428
0 0.45588235294117646 0.5431530494821634 0.025031289111389236 0.06098964326812428
0 0.4924906132665832 0.5310701956271576 0.03254067584480601 0.08515535097813579
0 0.4924906132665832 0.5310701956271576 0.03254067584480601 0.08515535097813579
0 0.5284730913642053 0.5506329113924051 0.007509386733416771 0.03682393555811277
0 0.5284730913642053 0.5506329113924051 0.007509386733416771 0.03682393555811277
0 0.2127659574468085 0.6329113924050633 0.029411764705882353 0.05178365937859609
0 0.2127659574468085 0.6329113924050633 0.029411764705882353 0.05178365937859609
0 0.24030037546933666 0.6444188722669736 0.015018773466833541 0.03452243958573072
0 0.24030037546933666 0.6444188722669736 0.015018773466833541 0.03452243958573072
0 0.7490613266583229 0.6139240506329114 0.03316645807259074 0.06329113924050633