0 0.48873591989987486 0.6156501726121979 0.0050062578222778474 0.019562715765247412
0 0.48873591989987486 0.6156501726121979 0.0050062578222778474 0.019562715765247412
0 0.49499374217772213 0.6127733026467204 0.005632040050062578 0.024165707710011506
0 0.49499374217772213 0.6127733026467204 0.005632040050062578 0.024165707710011506
0 0.6921151439299124 0.5281933256616801 0.010638297872340425 0.024165707710011506
0 0.6921151439299124 0.5281933256616801 0.010638297872340425 0.024165707710011506
0 0.6839799749687109 0.5362485615650172 0.007509386733416771 0.02186421173762946
0 0.6839799749687109 0.5362485615650172 0.007509386733416771 0.02186421173762946
0 0.6911764705882353 0.6334867663981588 0.02065081351689612 0.02761795166858458
0 0.6911764705882353 0.6334867663981588 0.02065081351689612 0.02761795166858458
0 0.6786608260325406 0.6501726121979287 0.009386733416770964 0.023014959723820484
0 0.6786608260325406 0.6501726121979287 0.009386733416770964 0.023014959723820484
0 0.30600750938673343 0.6691599539700805 0.025031289111389236 0.05408515535097814