0 0.20400500625782228 0.41657077100115075 0.026282853566958697 0.05523590333716916
0 0.20400500625782228 0.41657077100115075 0.026282853566958697 0.05523590333716916
0 0.23654568210262827 0.44533947065592633 0.008760951188986232 0.028768699654775604
0 0.23654568210262827 0.44533947065592633 0.008760951188986232 0.028768699654775604
0 0.2744055068836045 0.4706559263521289 0.016896120150187734 0.04027617951668585
0 0.2744055068836045 0.4706559263521289 0.016896120150187734 0.04027617951668585
0 0.2640801001251564 0.4666283084004603 0.00688360450563204 0.020713463751438434
0 0.2640801001251564 0.4666283084004603 0.00688360450563204 0.020713463751438434
0 0.32102628285356694 0.5103567318757192 0.009386733416770964 0.020713463751438434
0 0.32102628285356694 0.5103567318757192 0.009386733416770964 0.020713463751438434
0 0.6336045056320401 0.502301495972382 0.02127659574468085 0.04833141542002301
0 0.6336045056320401 0.502301495972382 0.02127659574468085 0.04833141542002301
0 0.7237171464330413 0.43843498273878023 0.013141426783479349 0.03682393555811277
0 0.7237171464330413 0.43843498273878023 0.013141426783479349 0.03682393555811277
0 0.7487484355444305 0.41196777905638665 0.014392991239048811 0.0379746835443038
0 0.7487484355444305 0.41196777905638665 0.014392991239048811 0.0379746835443038
0 0.7368585732165206 0.5212888377445339 0.017521902377972465 0.020713463751438434
0 0.7368585732165206 0.5212888377445339 0.017521902377972465 0.020713463751438434
0 0.7193366708385481 0.5379746835443038 0.00688360450563204 0.01611047180667434
0 0.7193366708385481 0.5379746835443038 0.00688360450563204 0.01611047180667434
0 0.7121401752190237 0.5397008055235903 0.010638297872340425 0.02761795166858458
0 0.7121401752190237 0.5397008055235903 0.010638297872340425 0.02761795166858458
0 0.6733416770963705 0.5799769850402762 0.008760951188986232 0.024165707710011506
0 0.6733416770963705 0.5799769850402762 0.008760951188986232 0.024165707710011506
0 0.6673967459324155 0.5851553509781358 0.007509386733416771 0.023014959723820484
0 0.6673967459324155 0.5851553509781358 0.007509386733416771 0.023014959723820484
0 0.6439299123904881 0.5989643268124281 0.012515644555694618 0.01726121979286536
0 0.6439299123904881 0.5989643268124281 0.012515644555694618 0.01726121979286536
0 0.6242177722152691 0.6127733026467204 0.007509386733416771 0.023014959723820484
0 0.6242177722152691 0.6127733026467204 0.007509386733416771 0.023014959723820484
0 0.6148310387984981 0.616800920598389 0.008135168961201502 0.024165707710011506
0 0.6148310387984981 0.616800920598389 0.008135168961201502 0.024165707710011506
0 0.5901126408010012 0.6306098964326813 0.006257822277847309 0.01611047180667434
0 0.5901126408010012 0.6306098964326813 0.006257822277847309 0.01611047180667434
0 0.5769712140175219 0.6530494821634062 0.02065081351689612 0.01726121979286536
0 0.5769712140175219 0.6530494821634062 0.02065081351689612 0.01726121979286536
0 0.37546933667083854 0.6386651323360184 0.008135168961201502 0.02186421173762946
0 0.37546933667083854 0.6386651323360184 0.008135168961201502 0.02186421173762946
0 0.29568210262828537 0.593210586881473 0.011264080100125156 0.026467203682393557
0 0.29568210262828537 0.593210586881473 0.011264080100125156 0.026467203682393557
0 0.22622027534418024 0.523590333716916 0.03316645807259074 0.05293440736478711
0 0.22622027534418024 0.523590333716916 0.03316645807259074 0.05293440736478711