0 0.34668335419274093 0.5132336018411968 0.018147684605757195 0.05408515535097814
0 0.34668335419274093 0.5132336018411968 0.018147684605757195 0.05408515535097814
0 0.648936170212766 0.5345224395857308 0.005632040050062578 0.019562715765247412
0 0.648936170212766 0.5345224395857308 0.005632040050062578 0.019562715765247412
0 0.6749061326658323 0.5316455696202531 0.01376720901126408 0.02531645569620253
0 0.6749061326658323 0.5316455696202531 0.01376720901126408 0.02531645569620253
0 0.6964956195244055 0.5120828538550057 0.007509386733416771 0.028768699654775604
0 0.6964956195244055 0.5120828538550057 0.007509386733416771 0.028768699654775604
0 0.7086983729662077 0.5074798619102416 0.015018773466833541 0.03452243958573072
0 0.7086983729662077 0.5074798619102416 0.015018773466833541 0.03452243958573072
0 0.740613266583229 0.5713463751438435 0.008135168961201502 0.02186421173762946
0 0.740613266583229 0.5713463751438435 0.008135168961201502 0.02186421173762946
0 0.6320400500625782 0.6242807825086306 0.007509386733416771 0.024165707710011506
0 0.6320400500625782 0.6242807825086306 0.007509386733416771 0.024165707710011506
0 0.5957446808510638 0.6357882623705409 0.008760951188986232 0.023014959723820484
0 0.5957446808510638 0.6357882623705409 0.008760951188986232 0.023014959723820484
0 0.5694618272841051 0.640391254315305 0.010012515644555695 0.023014959723820484
0 0.5694618272841051 0.640391254315305 0.010012515644555695 0.023014959723820484
0 0.3113266583229036 0.6018411967779056 0.02252816020025031 0.05638665132336018
0 0.3113266583229036 0.6018411967779056 0.02252816020025031 0.05638665132336018
0 0.27941176470588236 0.6001150747986191 0.03754693366708386 0.08630609896432681
0 0.27941176470588236 0.6001150747986191 0.03754693366708386 0.08630609896432681
0 0.2609511889862328 0.593210586881473 0.014392991239048811 0.0379746835443038
0 0.2609511889862328 0.593210586881473 0.014392991239048811 0.0379746835443038
0 0.21526908635794745 0.5535097813578826 0.012515644555694618 0.026467203682393557