0 0.40332512315270935 0.5949685534591195 0.009236453201970444 0.0440251572327044
0 0.40332512315270935 0.5949685534591195 0.009236453201970444 0.0440251572327044
0 0.3580665024630542 0.4440251572327044 0.029556650246305417 0.05911949685534591
0 0.3580665024630542 0.4440251572327044 0.029556650246305417 0.05911949685534591
0 0.4618226600985222 0.46855345911949686 0.011699507389162561 0.05786163522012579
0 0.4618226600985222 0.46855345911949686 0.011699507389162561 0.05786163522012579
0 0.562192118226601 0.43018867924528303 0.010467980295566502 0.05911949685534591
0 0.562192118226601 0.43018867924528303 0.010467980295566502 0.05911949685534591
0 0.7035098522167488 0.3867924528301887 0.025246305418719212 0.0779874213836478
0 0.7035098522167488 0.3867924528301887 0.025246305418719212 0.0779874213836478
0 0.729679802955665 0.4761006289308176 0.03694581280788178 0.07547169811320754
0 0.729679802955665 0.4761006289308176 0.03694581280788178 0.07547169811320754
0 0.6810344827586207 0.5358490566037736 0.05110837438423645 0.07924528301886792
0 0.6810344827586207 0.5358490566037736 0.05110837438423645 0.07924528301886792
0 0.6111453201970444 0.5465408805031446 0.006157635467980296 0.03647798742138365