0 0.42962056303549573 0.6987577639751553 0.011015911872705019 0.024844720496894408
0 0.42962056303549573 0.6987577639751553 0.011015911872705019 0.024844720496894408
0 0.49296205630354956 0.7012422360248447 0.00795593635250918 0.018633540372670808
0 0.49296205630354956 0.7012422360248447 0.00795593635250918 0.018633540372670808
0 0.5076499388004896 0.698136645962733 0.01835985312117503 0.05714285714285714
0 0.5076499388004896 0.698136645962733 0.01835985312117503 0.05714285714285714
0 0.5333537331701347 0.6925465838509317 0.009791921664626682 0.02111801242236025
0 0.5333537331701347 0.6925465838509317 0.009791921664626682 0.02111801242236025
0 0.769889840881273 0.7037267080745342 0.016523867809057527 0.037267080745341616
0 0.769889840881273 0.7037267080745342 0.016523867809057527 0.037267080745341616
0 0.8301713586291309 0.7192546583850932 0.030599755201958383 0.02236024844720497
0 0.8301713586291309 0.7192546583850932 0.030599755201958383 0.02236024844720497
0 0.7564259485924113 0.8043478260869565 0.01346389228886169 0.03229813664596273
0 0.7564259485924113 0.8043478260869565 0.01346389228886169 0.03229813664596273
0 0.7420440636474909 0.8024844720496894 0.009791921664626682 0.02732919254658385
0 0.7420440636474909 0.8024844720496894 0.009791921664626682 0.02732919254658385
0 0.6998164014687882 0.7981366459627329 0.015299877600979192 0.049689440993788817
0 0.6998164014687882 0.7981366459627329 0.015299877600979192 0.049689440993788817
0 0.5042839657282742 0.7975155279503106 0.0073439412484700125 0.02236024844720497
0 0.5042839657282742 0.7975155279503106 0.0073439412484700125 0.02236024844720497