0 0.3078335373317013 0.5055900621118012 0.009791921664626682 0.02608695652173913
0 0.3078335373317013 0.5055900621118012 0.009791921664626682 0.02608695652173913
0 0.34547123623011017 0.5167701863354037 0.009791921664626682 0.037267080745341616
0 0.34547123623011017 0.5167701863354037 0.009791921664626682 0.037267080745341616
0 0.7242962056303549 0.6043478260869565 0.008567931456548347 0.043478260869565216
0 0.7242962056303549 0.6043478260869565 0.008567931456548347 0.043478260869565216
0 0.37760097919216645 0.6509316770186335 0.01835985312117503 0.05217391304347826
0 0.37760097919216645 0.6509316770186335 0.01835985312117503 0.05217391304347826
0 0.3069155446756426 0.6273291925465838 0.021419828641370868 0.05093167701863354
0 0.3069155446756426 0.6273291925465838 0.021419828641370868 0.05093167701863354
0 0.25122399020807834 0.5801242236024845 0.014075887392900856 0.02608695652173913
0 0.25122399020807834 0.5801242236024845 0.014075887392900856 0.02608695652173913
0 0.27019583843329253 0.6012422360248447 0.00795593635250918 0.03354037267080745
0 0.27019583843329253 0.6012422360248447 0.00795593635250918 0.03354037267080745
0 0.32558139534883723 0.6484472049689441 0.014075887392900856 0.05962732919254658