0 0.69180225281602 0.4626006904487917 0.02190237797246558 0.05523590333716916
0 0.69180225281602 0.4626006904487917 0.02190237797246558 0.05523590333716916
0 0.6336045056320401 0.49309551208285385 0.00688360450563204 0.02531645569620253
0 0.6336045056320401 0.49309551208285385 0.00688360450563204 0.02531645569620253
0 0.6273466833541927 0.4890678941311853 0.006257822277847309 0.024165707710011506
0 0.6273466833541927 0.4890678941311853 0.006257822277847309 0.024165707710011506
0 0.6864831038798498 0.5724971231300345 0.00688360450563204 0.019562715765247412
0 0.6864831038798498 0.5724971231300345 0.00688360450563204 0.019562715765247412
0 0.6761576971214017 0.5811277330264673 0.013141426783479349 0.04027617951668585
0 0.6761576971214017 0.5811277330264673 0.013141426783479349 0.04027617951668585
0 0.6389236545682102 0.5886075949367089 0.015018773466833541 0.04142692750287687
0 0.6389236545682102 0.5886075949367089 0.015018773466833541 0.04142692750287687
0 0.6270337922403004 0.5857307249712314 0.008760951188986232 0.02186421173762946
0 0.6270337922403004 0.5857307249712314 0.008760951188986232 0.02186421173762946
0 0.6041927409261577 0.5880322209436134 0.00688360450563204 0.02186421173762946
0 0.6041927409261577 0.5880322209436134 0.00688360450563204 0.02186421173762946
0 0.3660826032540676 0.5788262370540852 0.00688360450563204 0.02186421173762946
0 0.3660826032540676 0.5788262370540852 0.00688360450563204 0.02186421173762946
0 0.3397997496871089 0.5713463751438435 0.007509386733416771 0.02761795166858458
0 0.3397997496871089 0.5713463751438435 0.007509386733416771 0.02761795166858458
0 0.324468085106383 0.5713463751438435 0.02190237797246558 0.04602991944764097
0 0.324468085106383 0.5713463751438435 0.02190237797246558 0.04602991944764097
0 0.2928660826032541 0.5598388952819332 0.010638297872340425 0.0333716915995397
0 0.2928660826032541 0.5598388952819332 0.010638297872340425 0.0333716915995397
0 0.27690863579474345 0.5517836593785961 0.02065081351689612 0.05063291139240506
0 0.27690863579474345 0.5517836593785961 0.02065081351689612 0.05063291139240506
0 0.27784730913642053 0.46029919447640966 0.007509386733416771 0.024165707710011506
0 0.27784730913642053 0.46029919447640966 0.007509386733416771 0.024165707710011506
0 0.285982478097622 0.4614499424626007 0.00688360450563204 0.023014959723820484
0 0.285982478097622 0.4614499424626007 0.00688360450563204 0.023014959723820484
0 0.3238423028785982 0.476409666283084 0.008760951188986232 0.02991944764096663
0 0.3238423028785982 0.476409666283084 0.008760951188986232 0.02991944764096663
0 0.33197747183979975 0.48388952819332565 0.004380475594493116 0.023014959723820484
0 0.33197747183979975 0.48388952819332565 0.004380475594493116 0.023014959723820484