0 0.2928660826032541 0.4666283084004603 0.01939924906132666 0.05523590333716916
0 0.2928660826032541 0.4666283084004603 0.01939924906132666 0.05523590333716916
0 0.31070087609511887 0.47295742232451093 0.02065081351689612 0.06098964326812428
0 0.31070087609511887 0.47295742232451093 0.02065081351689612 0.06098964326812428
0 0.6661451814768461 0.5207134637514385 0.01376720901126408 0.02761795166858458
0 0.6661451814768461 0.5207134637514385 0.01376720901126408 0.02761795166858458
0 0.6974342928660826 0.5103567318757192 0.013141426783479349 0.0333716915995397
0 0.6974342928660826 0.5103567318757192 0.013141426783479349 0.0333716915995397
0 0.37265331664580725 0.6214039125431531 0.011889862327909888 0.018411967779056387
0 0.37265331664580725 0.6214039125431531 0.011889862327909888 0.018411967779056387
0 0.31789737171464333 0.5891829689298044 0.025657071339173967 0.08285385500575373
0 0.31789737171464333 0.5891829689298044 0.025657071339173967 0.08285385500575373
0 0.559136420525657 0.6495972382048332 0.016896120150187734 0.05063291139240506