0 0.2576499388004896 0.46645962732919255 0.025703794369645042 0.08074534161490683
0 0.2576499388004896 0.46645962732919255 0.025703794369645042 0.08074534161490683
0 0.2913096695226438 0.49503105590062113 0.006731946144430845 0.02608695652173913
0 0.2913096695226438 0.49503105590062113 0.006731946144430845 0.02608695652173913
0 0.629436964504284 0.570807453416149 0.009791921664626682 0.01987577639751553
0 0.629436964504284 0.570807453416149 0.009791921664626682 0.01987577639751553
0 0.6511627906976745 0.5583850931677019 0.012851897184822521 0.02857142857142857
0 0.6511627906976745 0.5583850931677019 0.012851897184822521 0.02857142857142857
0 0.6698286413708691 0.5360248447204969 0.04100367197062423 0.0546583850931677
0 0.6698286413708691 0.5360248447204969 0.04100367197062423 0.0546583850931677
0 0.7359241126070991 0.632919254658385 0.02386780905752754 0.07453416149068323
0 0.7359241126070991 0.632919254658385 0.02386780905752754 0.07453416149068323
0 0.716952264381885 0.6515527950310559 0.018971848225214197 0.05217391304347826
0 0.716952264381885 0.6515527950310559 0.018971848225214197 0.05217391304347826
0 0.6814565483476133 0.6819875776397516 0.01346389228886169 0.031055900621118012
0 0.6814565483476133 0.6819875776397516 0.01346389228886169 0.031055900621118012
0 0.655140758873929 0.7074534161490683 0.042839657282741736 0.06956521739130435
0 0.655140758873929 0.7074534161490683 0.042839657282741736 0.06956521739130435
0 0.3840269277845777 0.6863354037267081 0.017135862913096694 0.040993788819875775
0 0.3840269277845777 0.6863354037267081 0.017135862913096694 0.040993788819875775
0 0.321297429620563 0.6391304347826087 0.011015911872705019 0.017391304347826087
0 0.321297429620563 0.6391304347826087 0.011015911872705019 0.017391304347826087
0 0.2974296205630355 0.6273291925465838 0.015299877600979192 0.02111801242236025
0 0.2974296205630355 0.6273291925465838 0.015299877600979192 0.02111801242236025
0 0.2723378212974296 0.6111801242236025 0.008567931456548347 0.018633540372670808