0 0.659261576971214 0.5563866513233602 0.00688360450563204 0.01726121979286536
0 0.659261576971214 0.5563866513233602 0.00688360450563204 0.01726121979286536
0 0.6530037546933667 0.5586881472957422 0.005632040050062578 0.019562715765247412
0 0.6530037546933667 0.5586881472957422 0.005632040050062578 0.019562715765247412
0 0.6836670838548186 0.6536248561565017 0.008135168961201502 0.023014959723820484
0 0.6836670838548186 0.6536248561565017 0.008135168961201502 0.023014959723820484
0 0.6730287859824781 0.6547756041426928 0.011264080100125156 0.02531645569620253
0 0.6730287859824781 0.6547756041426928 0.011264080100125156 0.02531645569620253
0 0.6392365456821026 0.6611047180667434 0.029411764705882353 0.05983889528193326
0 0.6392365456821026 0.6611047180667434 0.029411764705882353 0.05983889528193326
0 0.35638297872340424 0.6622554660529344 0.010638297872340425 0.014959723820483314
0 0.35638297872340424 0.6622554660529344 0.010638297872340425 0.014959723820483314
0 0.29912390488110135 0.546029919447641 0.01877346683354193 0.02186421173762946