0 0.37607099143206857 0.5341614906832298 0.028151774785801713 0.04720496894409938
0 0.37607099143206857 0.5341614906832298 0.028151774785801713 0.04720496894409938
0 0.6704406364749081 0.632919254658385 0.009791921664626682 0.031055900621118012
0 0.6704406364749081 0.632919254658385 0.009791921664626682 0.031055900621118012
0 0.655140758873929 0.639751552795031 0.017135862913096694 0.024844720496894408
0 0.655140758873929 0.639751552795031 0.017135862913096694 0.024844720496894408
0 0.6337209302325582 0.6701863354037267 0.025091799265605876 0.02857142857142857
0 0.6337209302325582 0.6701863354037267 0.025091799265605876 0.02857142857142857
0 0.3570991432068543 0.6795031055900621 0.019583843329253364 0.03850931677018633
0 0.3570991432068543 0.6795031055900621 0.019583843329253364 0.03850931677018633
0 0.3274173806609547 0.6701863354037267 0.022643818849449205 0.02608695652173913
0 0.3274173806609547 0.6701863354037267 0.022643818849449205 0.02608695652173913