0 0.7842954686530106 0.41847133757961785 0.03476101800124146 0.07770700636942675
0 0.7842954686530106 0.41847133757961785 0.03476101800124146 0.07770700636942675
0 0.7541899441340782 0.4375796178343949 0.019863438857852266 0.06878980891719745
0 0.7541899441340782 0.4375796178343949 0.019863438857852266 0.06878980891719745
0 0.4652389819987585 0.4305732484076433 0.014276846679081317 0.0751592356687898
0 0.4652389819987585 0.4305732484076433 0.014276846679081317 0.0751592356687898
0 0.2911235257603973 0.4789808917197452 0.01303538175046555 0.02165605095541401
0 0.2911235257603973 0.4789808917197452 0.01303538175046555 0.02165605095541401
0 0.24115456238361266 0.4356687898089172 0.013656114214773432 0.01910828025477707
0 0.24115456238361266 0.4356687898089172 0.013656114214773432 0.01910828025477707
0 0.22905027932960895 0.4305732484076433 0.004965859714463066 0.024203821656050957
0 0.22905027932960895 0.4305732484076433 0.004965859714463066 0.024203821656050957
0 0.21973929236499068 0.4261146496815287 0.015518311607697082 0.03949044585987261
0 0.21973929236499068 0.4261146496815287 0.015518311607697082 0.03949044585987261
0 0.2042209807572936 0.5490445859872611 0.016139044072004966 0.02165605095541401
0 0.2042209807572936 0.5490445859872611 0.016139044072004966 0.02165605095541401
0 0.6530105524518932 0.6044585987261146 0.00931098696461825 0.02802547770700637
0 0.6530105524518932 0.6044585987261146 0.00931098696461825 0.02802547770700637
0 0.6610800744878957 0.6070063694267516 0.006828057107386716 0.0267515923566879
0 0.6610800744878957 0.6070063694267516 0.006828057107386716 0.0267515923566879
0 0.7054624456859093 0.586624203821656 0.009931719428926133 0.04076433121019108
0 0.7054624456859093 0.586624203821656 0.009931719428926133 0.04076433121019108
0 0.7147734326505276 0.5917197452229299 0.0074487895716946 0.03821656050955414
0 0.7147734326505276 0.5917197452229299 0.0074487895716946 0.03821656050955414
0 0.7740533829919305 0.5509554140127388 0.0260707635009311 0.04713375796178344
0 0.7740533829919305 0.5509554140127388 0.0260707635009311 0.04713375796178344
0 0.7591558038485413 0.5573248407643312 0.006828057107386716 0.022929936305732482