0 0.42177722152690866 0.6691599539700805 0.016896120150187734 0.04602991944764097
0 0.42177722152690866 0.6691599539700805 0.016896120150187734 0.04602991944764097
0 0.4364831038798498 0.6766398158803222 0.02252816020025031 0.05753739930955121
0 0.4364831038798498 0.6766398158803222 0.02252816020025031 0.05753739930955121
0 0.6145181476846058 0.6518987341772152 0.008135168961201502 0.02761795166858458
0 0.6145181476846058 0.6518987341772152 0.008135168961201502 0.02761795166858458
0 0.6242177722152691 0.6513233601841196 0.010012515644555695 0.0333716915995397
0 0.6242177722152691 0.6513233601841196 0.010012515644555695 0.0333716915995397
0 0.6664580725907384 0.6334867663981588 0.011264080100125156 0.03567318757192175
0 0.6664580725907384 0.6334867663981588 0.011264080100125156 0.03567318757192175
0 0.6398623279098874 0.543728423475259 0.011264080100125156 0.03682393555811277