0 0.34532145130490133 0.5515723270440251 0.019732654360280075 0.06666666666666667
0 0.34532145130490133 0.5515723270440251 0.019732654360280075 0.06666666666666667
0 0.4328453214513049 0.6125786163522012 0.010184595798854232 0.04905660377358491
0 0.4328453214513049 0.6125786163522012 0.010184595798854232 0.04905660377358491
0 0.45480585614258434 0.6232704402515723 0.009548058561425843 0.04654088050314465
0 0.45480585614258434 0.6232704402515723 0.009548058561425843 0.04654088050314465
0 0.49840865690642905 0.6377358490566037 0.006365372374283896 0.03647798742138365
0 0.49840865690642905 0.6377358490566037 0.006365372374283896 0.03647798742138365
0 0.7495225970719287 0.4937106918238994 0.02737110120942075 0.055345911949685536
0 0.7495225970719287 0.4937106918238994 0.02737110120942075 0.055345911949685536
0 0.6435391470401018 0.6823899371069182 0.021005728835136857 0.042767295597484274
0 0.6435391470401018 0.6823899371069182 0.021005728835136857 0.042767295597484274
0 0.6317632081476766 0.6955974842767295 0.012730744748567792 0.04779874213836478
0 0.6317632081476766 0.6955974842767295 0.012730744748567792 0.04779874213836478
0 0.23265436028007638 0.6169811320754717 0.008911521323997454 0.02389937106918239