0 0.353194544149318 0.5781010719754976 0.01722900215362527 0.033690658499234305
0 0.353194544149318 0.5781010719754976 0.01722900215362527 0.033690658499234305
0 0.4149318018664752 0.5604900459418071 0.01722900215362527 0.03828483920367534
0 0.4149318018664752 0.5604900459418071 0.01722900215362527 0.03828483920367534
0 0.39411342426417806 0.5826952526799387 0.01148600143575018 0.033690658499234305
0 0.39411342426417806 0.5826952526799387 0.01148600143575018 0.033690658499234305
0 0.3808327351040919 0.5865237366003063 0.010768126346015794 0.03215926493108729
0 0.3808327351040919 0.5865237366003063 0.010768126346015794 0.03215926493108729
0 0.4928212491026561 0.5597243491577335 0.00574300071787509 0.026033690658499236
0 0.4928212491026561 0.5597243491577335 0.00574300071787509 0.026033690658499236
0 0.501794687724336 0.555895865237366 0.005025125628140704 0.033690658499234305
0 0.501794687724336 0.555895865237366 0.005025125628140704 0.033690658499234305
0 0.6116295764536971 0.5888208269525268 0.008614501076812634 0.02450229709035222
0 0.6116295764536971 0.5888208269525268 0.008614501076812634 0.02450229709035222
0 0.5972720746590093 0.5834609494640123 0.012921751615218953 0.03215926493108729
0 0.5972720746590093 0.5834609494640123 0.012921751615218953 0.03215926493108729
0 0.613424264178033 0.5872894333843798 0.007896625987078248 0.02450229709035222
0 0.613424264178033 0.5872894333843798 0.007896625987078248 0.02450229709035222
0 0.6424982053122756 0.5872894333843798 0.004307250538406317 0.02909647779479326
0 0.6424982053122756 0.5872894333843798 0.004307250538406317 0.02909647779479326
0 0.6511127063890882 0.5796324655436447 0.00574300071787509 0.022970903522205207
0 0.6511127063890882 0.5796324655436447 0.00574300071787509 0.022970903522205207
0 0.38370423546302945 0.6791730474732006 0.01507537688442211 0.05206738131699847
0 0.38370423546302945 0.6791730474732006 0.01507537688442211 0.05206738131699847
0 0.37221823402727927 0.669218989280245 0.007178750897343862 0.02909647779479326
0 0.37221823402727927 0.669218989280245 0.007178750897343862 0.02909647779479326