0 0.23717146433041303 0.4700805523590334 0.016270337922403004 0.05063291139240506
0 0.23717146433041303 0.4700805523590334 0.016270337922403004 0.05063291139240506
0 0.21808510638297873 0.47410817031070196 0.012515644555694618 0.019562715765247412
0 0.21808510638297873 0.47410817031070196 0.012515644555694618 0.019562715765247412
0 0.2719023779724656 0.501150747986191 0.008760951188986232 0.02531645569620253
0 0.2719023779724656 0.501150747986191 0.008760951188986232 0.02531645569620253
0 0.3166458072590738 0.5327963176064442 0.00688360450563204 0.024165707710011506
0 0.3166458072590738 0.5327963176064442 0.00688360450563204 0.024165707710011506
0 0.3232165206508135 0.5339470655926352 0.006257822277847309 0.02531645569620253
0 0.3232165206508135 0.5339470655926352 0.006257822277847309 0.02531645569620253
0 0.6692740926157698 0.6208285385500575 0.013141426783479349 0.019562715765247412
0 0.6692740926157698 0.6208285385500575 0.013141426783479349 0.019562715765247412
0 0.6589486858573217 0.6242807825086306 0.010012515644555695 0.020713463751438434
0 0.6589486858573217 0.6242807825086306 0.010012515644555695 0.020713463751438434
0 0.6339173967459324 0.6323360184119677 0.018147684605757195 0.014959723820483314
0 0.6339173967459324 0.6323360184119677 0.018147684605757195 0.014959723820483314
0 0.3135168961201502 0.6386651323360184 0.04693366708385482 0.04602991944764097
0 0.3135168961201502 0.6386651323360184 0.04693366708385482 0.04602991944764097
0 0.28660826032540676 0.6133486766398158 0.011889862327909888 0.02531645569620253
0 0.28660826032540676 0.6133486766398158 0.011889862327909888 0.02531645569620253