0 0.2719023779724656 0.6449942462600691 0.008760951188986232 0.023014959723820484
0 0.2719023779724656 0.6449942462600691 0.008760951188986232 0.023014959723820484
0 0.6076345431789737 0.689873417721519 0.011264080100125156 0.05063291139240506
0 0.6076345431789737 0.689873417721519 0.011264080100125156 0.05063291139240506
0 0.5732165206508135 0.6829689298043728 0.006257822277847309 0.01726121979286536
0 0.5732165206508135 0.6829689298043728 0.006257822277847309 0.01726121979286536
0 0.6745932415519399 0.6455696202531646 0.013141426783479349 0.02186421173762946
0 0.6745932415519399 0.6455696202531646 0.013141426783479349 0.02186421173762946
0 0.5647684605757196 0.593210586881473 0.014392991239048811 0.02991944764096663
0 0.5647684605757196 0.593210586881473 0.014392991239048811 0.02991944764096663
0 0.5087609511889862 0.6144994246260069 0.02065081351689612 0.05868814729574223
0 0.5087609511889862 0.6144994246260069 0.02065081351689612 0.05868814729574223
0 0.41364205256570713 0.6306098964326813 0.010638297872340425 0.031070195627157654
0 0.41364205256570713 0.6306098964326813 0.010638297872340425 0.031070195627157654
0 0.38235294117647056 0.6265822784810127 0.013141426783479349 0.02991944764096663