0 0.25844806007509386 0.5195627157652474 0.010638297872340425 0.04257767548906789
0 0.25844806007509386 0.5195627157652474 0.010638297872340425 0.04257767548906789
0 0.3579474342928661 0.5489067894131185 0.015644555694618274 0.05063291139240506
0 0.3579474342928661 0.5489067894131185 0.015644555694618274 0.05063291139240506
0 0.3688986232790989 0.5575373993095513 0.018147684605757195 0.03567318757192175
0 0.3688986232790989 0.5575373993095513 0.018147684605757195 0.03567318757192175
0 0.4311639549436796 0.5661680092059839 0.010012515644555695 0.03222094361334868
0 0.4311639549436796 0.5661680092059839 0.010012515644555695 0.03222094361334868
0 0.42521902377972465 0.5598388952819332 0.0037546933667083854 0.019562715765247412
0 0.42521902377972465 0.5598388952819332 0.0037546933667083854 0.019562715765247412
0 0.4937421777221527 0.5960874568469505 0.00688360450563204 0.031070195627157654
0 0.4937421777221527 0.5960874568469505 0.00688360450563204 0.031070195627157654
0 0.5847934918648311 0.5817031070195627 0.005632040050062578 0.028768699654775604
0 0.5847934918648311 0.5817031070195627 0.005632040050062578 0.028768699654775604
0 0.6846057571964956 0.5604142692750288 0.008135168961201502 0.023014959723820484
0 0.6846057571964956 0.5604142692750288 0.008135168961201502 0.023014959723820484
0 0.6930538172715894 0.5563866513233602 0.00688360450563204 0.023014959723820484
0 0.6930538172715894 0.5563866513233602 0.00688360450563204 0.023014959723820484
0 0.7306007509386734 0.5264672036823935 0.010012515644555695 0.026467203682393557
0 0.7306007509386734 0.5264672036823935 0.010012515644555695 0.026467203682393557
0 0.6013767209011264 0.6622554660529344 0.010012515644555695 0.024165707710011506
0 0.6013767209011264 0.6622554660529344 0.010012515644555695 0.024165707710011506